60,120,180,240,300,360,420,480,540,600,660,720,780,840,900,960,1020,1080,1140,1200,1260,1320,1380,1440,1500,1560,1620,1680,1740,1800,1860,1920,1980,2040,2100,2160,2220,2280,2340,2400,2460,2520,2580,2640,2700,2760,2820,2880,2940,3000,3060,3120,3180,3240,3300,3360,3420,3480,3540,3600,3660,3720,3780,3840,3900,3960,4020,4080,4140,4200,4260,4320,4380,4440,4500,4560,4620,4680,4740,4800,4860,4920,4980,5040,5100,5160,5220,5280,5340,5400,5460,5520,5580,5640,5700,5760,5820,5880,5940,6000,6060,6120,6180,6240,6300,6360,6420,6480,6540,6600,6660,6720,6780,6840,6900,6960,7020,7080,7140,7200,7260,7320,7380,7440,7500,7560,7620,7680,7740,7800,7860,7920,7980,8040,8100,8160,8220,8280,8340,8400,8460,8520,8580,8640,8700,8760,8820,8880,8940,9000,9060,9120,9180,9240,9300,9360,9420,9480,9540,9600,9660,9720,9780,9840,9900,9960,10020,10080
-0.633770574497673,-0.328707374381817,-0.898114033097777,0.680024603595526,-0.119413878410484,0.572986531899985,0.419892173590442,0.713500999370689,-0.0834453262324283,0.272844598147232,0.641197277790709,0.988650155329372,1.45531982443425,0.715817552239346,0.0663023650717014,0.84643549752593,0.795611640655032,1.03696631162171,-0.221948275775371,0.642500041832015,-0.079491152671549,-0.300996885827405,0.560822988083145,-0.247766358321458,-0.758312288226603,0.27905831420482,-1.58281843721476,-0.41464142482044,-0.294013615301848,0.137471196049935,0.406827071963456,0.018979987383002,-0.00353492292544338,1.25917090954001,0.0122507411572781,0.894853846306835,0.851459281118044,0.617449903309727,0.362207509470919,-0.00658710586129316,1.14112201447751,0.855988115425815,0.411372534406302,-0.138198688802118,0.0144275822266328,-0.315819011390191,0.113566114823374,-1.17652817380966,0.585802870137707,0.538831587328362,-0.191994947837786,-0.212003112937753,-0.0274063073736873,-0.433914918052324,-0.182784021718777,0.397227687085909,-1.1313225895315,1.44314669863504,-0.129591344724962,0.334819741556844,0.596553112655009,-0.669038202575576,0.319171849433902,0.438056920509993,0.325513342932401,1.23699207624195,1.63215765326376,-1.16015937113125,-0.286887884488326,0.520563513416981,-1.31055100009756,0.394272226734609,0.727201449349861,1.31834863341298,-0.617047721412357,1.22987115903071,-0.292476675480783,0.545997658522287,-1.36650405363577,0.753249828348061,-0.136145805916942,-1.20694965927016,-0.0205490486041413,0.937997196761267,0.224169691024803,0.134752079670032,0.386539981753281,-0.825746121215267,0.592026346482862,0.0616560395301881,0.352384480864624,-0.0733422154831268,0.761360582652397,0.110154194190285,-0.0802352030336181,0.0147200170010797,0.291621523912159,0.577443191085394,0.516675128991019,-0.198142225577623,0.751152584903796,-1.39005062276494,0.119444790736431,0.730693115524112,-0.0786585520555453,1.35491543352208,-0.114679973494731,0.619883937084972,1.36045642265778,-0.0447509943643596,1.3080621802831,-0.0366766719345951,0.619451521905596,0.498002447379299,0.515978851898135,-0.00261425883130476,0.7546315337618,-0.457762500403077,0.388376865984769,-0.849553819414799,-0.221193140608302,-1.19860757083935,1.44069683740998,0.84652452338696,-0.650167625044027,0.413175418719441,0.548428255705646,0.724073427588652,0.592139686729921,0.830058169728627,-0.670931475642281,-0.119724868205314,0.319735696055611,0.367839824614841,1.84614693412935,2.2146797966388,0.918065698653288,0.132776973277931,0.44992952161203,-0.473991008240382,0.741362786911998,0.274364715882373,0.478961208610164,-1.08372271389098,0.21828488124283,0.759616740700737,-1.52585723376597,0.581323405369178,0.437278972375489,1.11405792861927,0.383354669381818,-0.984198161745419,0.609921499640121,-0.608153535120998,0.911769855438083,-0.153242911072219,1.65575064371366,0.126314368424887,1.73262627596866,-0.439442363954022,-0.217623204876141,-0.254489956633964,-0.269888509658851,-0.655649517213492,-0.509582779478478,-0.458675816720705,-0.483846630557003,-1.78388054618996
2.69894376078352,-1.41838715652392,0.874790058137727,-0.176015309434304,2.47300831325276,2.59735749641514,0.937832648837168,0.354023090010513,-0.342701824470931,2.85705591072117,-2.39973333717154,2.47648894662315,1.58267063586925,-0.606857998651368,-0.465420643145481,-1.23712718205364,1.37881975890735,1.26040621335923,1.93698963463832,0.786289469626708,-0.36640331814571,1.59509496207529,0.193067399973775,-1.95972548599358,2.48771868465124,0.440018037272502,0.338875756596,0.166405195124818,0.194492875931808,-1.23454475558584,-0.740956243768998,0.647238490735342,-0.555950504233183,-0.641642398053883,-0.583504958733403,1.07210767489143,-0.548291714033793,-0.701638008238566,-0.196418719224512,0.695950803368149,-1.69093555218955,-0.544824165731067,2.02886349608904,-0.129783110988811,1.27777836589946,-0.560209492488821,-0.528572805043447,-1.12121972228716,0.770821673310885,-2.33446827840877,0.0594814339641191,-0.790850758545576,0.147629062766412,0.772729798492644,-0.800395588793785,0.855439982033615,1.43320477558039,0.700758373691699,0.857020436268523,0.44995159644992,-2.1929454657779,-2.09166159797313,1.37409017228485,0.219667728341699,1.43541768621921,0.0315665116917304,1.06791382668591,2.78968533179103,0.594182902151434,1.27881469503041,0.657740315877764,0.271677017058539,-0.914409639958266,1.61142585508228,1.1547836490842,1.68968286704295,-0.516407205579386,-0.712809716481438,-0.652026039865146,1.32801578069099,0.677193448812489,0.0420163020215196,-0.571638524917567,1.07507089632882,0.418151673488843,-1.51392428940007,-1.52937294538166,1.17296945819145,-0.606979875624228,-0.615455134888327,0.252985006779115,-1.24905804761411,0.519544310582562,0.422222005018013,0.618454805973231,-0.605273726421343,0.260783841267622,-1.46737148943078,1.83090560687173,-1.47774210118641,-1.58558252177229,0.614014760311826,0.17368459468536,0.419574350558526,0.791038498372499,0.244386977732519,-0.674501671427731,-0.290087054000266,2.15732571909932,-0.436857161554795,2.59194838728278,2.73486631320303,1.71254658729678,-0.268044012315012,0.791258533700207,-2.39075310187895,1.85953148756185,-2.24845885292378,-1.46087643661761,0.496319715829097,-1.10582348990632,0.528146099265877,-1.02723434267442,-0.893974464031762,-1.61740089255747,-0.602658001846725,0.606063064110506,-0.504964212392732,1.16437125638415,0.901902169128324,-1.01257572471213,1.15682551330797,0.627956072645568,1.0683683073259,-0.446297439573859,-1.3325328716812,1.80066562363573,0.146984362859021,-0.263398679667637,-0.268403776149001,0.582164146713412,0.171336280449678,0.0921908984759269,1.16296453274375,-0.422078783978924,-1.30857957356961,-1.063937480056,-1.64103999182437,-0.090653849351648,-0.878720710122627,-0.396821233280944,0.523781164946529,-0.254741257064069,0.363680502089541,-0.946153703857846,-0.242988654300993,2.56324676039465,0.33307177095513,0.0853684822808614,0.0135815695825675,-0.0940761956789429,-1.05774167143148,0.652602658987264,0.301901366334853,0.587002626079175,1.07014048514306,-1.67726453687788,3.28050647301364
0.72528996165038,-0.531014546956666,0.501765287631049,0.681846060267199,0.698210373920402,-0.0989613304776739,0.699120963818841,1.53547860796619,0.608356742621057,0.687388712609272,-0.569480816706816,-0.00636335911552494,-0.825672281301943,-0.567051881934399,0.937909464148613,-0.84793239941173,0.233315752065586,-0.579400181473305,-0.233924381138535,0.367674785617377,0.842465584540926,0.389579793360935,0.20810449015862,0.918990374728905,0.593761406144704,-0.828939344590878,-1.53086190969641,-0.227094744109204,1.62896642905567,1.44486400937888,0.0233562498663841,1.39181283823167,-0.440294261553949,-0.0989929639488597,0.323948087803781,0.661766217189552,-0.131872627506624,-0.24628293331067,-0.437971307793302,0.320676962077858,-0.510695772892865,-0.292369028023189,-0.0536394650922518,0.142867274995807,0.190313569900604,0.833742347104053,-0.661274357024683,0.16846610152949,0.335828117318943,-1.17080190665512,0.945028505975508,1.19022695939782,1.04465726433098,1.48378513833822,1.33648757924361,0.613396002347751,0.794870258481368,1.05607533023712,-0.167678258732827,0.204563548153958,1.16012530321036,-1.45716940618688,0.166405438799978,0.953555510114403,-0.623070347094014,1.17465112922065,0.875721521399638,0.495487769671138,1.53408242595621,-0.10943655456738,-0.384102630361495,1.69983755398343,1.15589054697276,-0.0549112161727963,0.0192107340563102,0.72913386569667,0.358961550630603,0.0910848235248941,0.870642092345425,0.0557613587466078,0.295043731443683,1.10957747451528,0.512866616590971,0.418784810516472,0.020088400736587,0.726674334795739,0.0759844546720571,0.98584586084167,-1.14105547249603,0.49534541252955,-0.786437752631997,-0.199628168103889,0.14593854239976,2.49981989396602,0.192068257094473,0.172119043428462,-0.278824118061161,1.10019387143626,0.676721930833068,-0.988614320461322,-0.28748558471242,-0.730770362009841,-0.444476838027178,0.930653126791825,0.386375466528952,-0.502057296434702,-0.969620147110999,1.33727676841758,1.91935259761188,0.16335499624439,0.568587367340597,-0.974399081184169,1.51347074311309,-0.692715469659332,1.0929043295689,-0.808226164161281,0.12187236419998,0.230561147273771,0.965049075108682,-0.920685892944725,0.378185206659132,-0.517800553497252,0.0194347037393202,-0.991461941929134,0.473803072001361,-0.22336667999155,0.259876215612498,1.74619161700619,-0.138869000262288,-0.294854335061997,1.45336158655539,-0.668035671924623,0.198760886430741,-0.802055119472981,1.73123633521587,0.302730164078126,-0.998224119997335,0.162349077116409,1.83903206360644,0.0795320595286434,0.480869669921589,-0.273752104496573,0.665620303511929,1.42098432704462,0.751020923257674,1.50179687920717,0.765833425174557,1.23659420588774,0.287945926447333,-1.41529882040537,0.152657332479753,-0.638822767172841,0.53155356261266,-0.381069581379717,1.21516752765786,-0.654157579347178,-0.937336039077783,0.552622988394158,0.678500415006222,-0.480270608599543,1.54212498332999,-0.223846592300488,0.132774824933147,-0.524249911786875,-0.334103345382765,0.485592151901956,-0.502607337703322,2.13976226348556
-0.667572673201709,0.4398178486687,0.288577971647414,0.643509374509152,0.888034646061929,0.706768794647658,0.415936227039344,-0.480725267870188,-0.974502100637143,1.17764549419652,-0.176919444151991,-0.176155649344013,-0.684137838705721,0.144259335574624,-0.274578315748376,-0.872628829566074,0.639698368688783,-0.592746280399143,0.168214687685075,-0.437402779069194,1.01838165132,0.739691640336499,0.106043239062673,-0.310997675179948,0.574673834748406,0.31101170777783,-0.102371312734373,1.05237042433251,0.341118823488176,0.270618899152032,0.561881262702198,0.0490521376928098,0.597191266398999,-1.04067500409368,-0.238844817716153,0.078709430642135,-0.0498779966185393,0.109244817281741,-1.18565589504191,-1.3351117625735,1.20698024499325,1.76262355023142,2.14410262029246,2.06457882246078,1.11833465092828,-1.0894731347483,-0.826925126334657,0.40951860907489,-1.15942533065048,-0.0978260182386769,0.763441420570501,0.386338861750348,-0.617586680831953,0.966771216651031,-2.17248132744845,0.823134343535391,0.427497546265334,1.78689848675666,-0.111285754081296,-0.368722147642197,-0.583463225409256,-1.16939261236399,1.18586257972515,-1.15570327550008,-0.266294500777847,-1.52116640605661,0.375164946877281,1.398292351379,-0.337502429176965,0.371288248638954,1.13122779035155,-1.47420838727876,1.50780334169825,-0.0848654699088446,0.509822976407936,-0.723766009761114,-0.561417251687372,-2.23111359068335,-1.12308510269612,0.750041682899215,1.69069831698657,-2.3162791281517,1.63099871603168,-0.377423112487598,-0.223727812766558,0.852065901556269,0.489354218838646,1.10828833270818,-1.1370500292104,-1.04454871402298,0.384030290792564,0.719176124398052,-1.72516513992414,-0.0809958992783695,0.328576822852264,-0.335988443728107,0.941629143109911,-1.65796054724688,-0.13850918360001,-1.39303560627201,0.361056548166004,-0.433708535957804,-0.222996241251539,-0.335121030552277,-1.48806401073375,-0.636823007335441,-0.322975408943198,-0.716394825734588,-0.386725649539102,1.37919517053617,-0.450924978272911,-0.472628155708513,0.924048447510791,0.853924381117556,-0.682573555532772,-0.73074757993096,-0.270360488422631,2.30376087484089,-0.288731253417138,0.294979723269568,-0.806503868616011,0.802587994673766,0.425299380246757,0.94149425820807,0.637609919494495,1.55441818345902,-1.84377877012336,-0.190239572914016,-2.64120612358611,-0.0560513448025478,1.72553495012813,-0.891579958046428,0.591791922491174,-0.752800784560203,-0.461355716957293,1.8532329012404,2.2691266545896,0.466949052536354,0.393253896499176,-0.124089381829422,0.292893068181426,-1.44753308882452,-0.573985085297711,1.18077762508985,-0.384887851754609,0.65465493595404,2.06061832657517,1.81461142120111,-0.188075988081448,1.90630189278605,-0.061720653579762,0.509305483978814,1.52687992205202,-1.76437958364154,0.0541077604032224,-0.247007449280942,0.688216373131183,0.389744924870826,1.3241696292757,-0.399238180707133,1.05480594930839,-0.0609094916082193,0.0796418134438186,-1.1134483946504,0.222288677752125,0.378144643093199,0.228452289170557,-1.6209661782867
0.0189432178179205,-0.358444756156894,0.0573309377667757,-0.17380175272701,-0.583853804357548,-0.38713192999483,0.0296650847561641,0.109043973372762,0.903815980473729,0.457507403860728,0.141548612508028,-0.198185139878452,-0.457484270151272,0.388976010924899,-0.109555379407808,0.13902139143727,0.359903612826514,-0.591324289926207,0.732493830417458,0.532003614529948,-0.10731984745487,0.791590268368353,0.15837890364013,-0.194180093723122,0.217647267505848,1.11084359985188,0.391377395018469,1.04909725085191,-0.71400830217061,-0.955949098294042,0.204396045725986,-0.441240332324087,0.217018403734406,-0.096198942706207,0.576923291565025,0.280023168674121,0.24705717839,0.357459692790834,0.208086446556916,-0.987019160715325,1.65206342707468,1.06155208078258,0.570448094752872,-0.352387713417576,0.06164026746756,-0.378381680197616,0.203223571658213,0.0623550555939112,-0.649725226789765,0.0517328541543408,-0.332800570148712,-0.0491287937698104,0.0726848833823129,-0.784908957963234,0.512304500409098,0.479265746866119,-0.268442133399589,-0.167257148262988,0.362626585781353,-0.528067053061525,0.294079705771092,0.908831700522181,0.0620598242131213,1.36737408628533,-1.10885122569544,0.164311918754378,0.465921100024003,0.407347813427319,-0.190233102257423,0.36185643502024,0.392247492781095,-0.475358117897009,0.197381223625366,0.426699302515287,0.655894264495935,-0.299261201478329,0.435545693208795,-0.204296551472822,-0.286178761075532,-0.340397247553922,-0.333984348913478,-0.0267261595199498,0.418621299548194,0.472691703114682,-0.210110622812185,-0.0821218971934818,0.790695678799734,-0.232464767397718,-0.122823455838044,-0.352078796730446,0.611752269368196,0.154427279533631,0.0403408056536588,0.159945195456076,0.27251508921259,-0.22575830766425,-0.663115728212095,-0.296434408034368,0.530225287179721,-0.5582691990106,-0.277328105403198,-0.038817972338111,0.495418082112903,0.339009069214839,0.430596662856675,0.567309142948871,0.178460278476418,-0.562758129911715,0.240578108839667,0.668681816364328,0.36793589963982,-0.0480121148935361,-0.0774989515198462,0.0616111239334283,0.257813080813866,0.269051231046014,0.538647018070229,0.83773465077667,-0.623414174706082,0.94775520628419,-0.000601033315506067,-0.427725098904034,0.314465839103009,0.455019477020745,-0.36466553091453,-0.507076990769632,-0.478939460188754,0.354356432662627,0.227746328649097,0.27015110679397,0.702481847668085,-0.429392271623057,-0.30126349017453,1.12069988872128,-0.397412825451285,0.334813597819069,0.489466387910349,-0.270791858404809,-0.341249517651302,0.366492005112779,1.19381693059691,0.426403689041542,0.156414757668032,0.680412435254419,0.33409694454868,-0.0159004498129264,-0.0321424601080577,-0.303854929168467,0.212067376860613,0.216739204683856,-0.301682499778258,0.299159457588574,0.381033770696778,-1.11501220898214,0.353444444486222,0.421881930852056,-0.451751074999174,0.152552126237198,0.64848539336246,0.198741024907318,-1.18276834187124,0.285105045485431,0.515393008205524,-0.889000015751002,-0.428669797632678,0.863675807448433,0.00716454936316724,0.488887073909157
-0.31302960903069,-0.951939955827847,-0.572056195911345,0.163881676616925,-0.874013643060792,0.96059948478198,-0.0367320332446951,-0.239830296082865,0.834735613846082,0.558623645421356,-0.0414803943653929,0.0654303445697799,-0.361570117661332,0.0969131607882604,0.378107885909506,-0.316051273098056,0.286708803180994,-0.00137685694253001,1.03890415232793,-0.36837285537153,0.175222306282814,0.806424475602178,-0.305054479264501,-0.539705797766786,0.607183483034473,-0.525163662755853,0.0769523969492343,0.794934408904383,-0.427555675833311,-0.605555910297289,0.629057077981488,0.0394823923799126,-0.520319313355399,0.470450940161047,-1.1221555577285,-0.195620810377775,-0.0292934662201071,-0.300996159854979,0.672230102327044,0.216072644777221,-0.395883097766363,0.759179477111436,0.0731318738047197,0.631444943964512,-0.471301036101104,0.7724179693276,1.04117828384093,0.510269000426685,0.583474653417422,0.216173664037584,0.325579566508546,0.464324966958436,0.391595660468129,0.142910860366772,0.178837027134602,0.167439450651462,0.725527501372855,0.761139069633025,0.450871360047961,0.727330494209415,0.0408979394108952,0.0309907190693778,0.282568546370887,-0.0263330973180508,0.903887640879763,0.225609184244614,-0.350307151143349,0.755064260834568,-0.243370633184232,0.0625181777585365,-0.234876494166256,0.694742266597756,-0.0213834502039875,0.565209827206182,-0.222706139914697,-0.224423306535464,0.0678471997116346,-0.202513591933454,0.676532398913947,0.90795087512102,-0.366339670611316,0.500216632618149,-0.606292754824794,0.180111595879287,0.238560541442526,0.797622542872995,0.617686264841363,0.0536477159089095,0.685778784653632,1.30692257929713,0.940332842591921,1.29751118589542,-0.530249999731977,-0.535487655619051,0.107612594507369,0.27876095869179,-0.175894816254863,0.642556387661667,0.431971039829533,-0.91483662716558,-0.542670919025578,0.120890421083458,-0.315735541609324,0.827617365316816,0.724658991639764,-0.550048368860058,0.60193723485645,-0.0701913566688788,-0.176300712137317,0.545500023749949,0.142283795040009,-0.518677954937089,0.607623464942943,0.251196051132472,0.762068790781789,0.951504596735746,0.235759083870485,-0.225365693872929,0.676436649935518,0.406147569085413,0.443090782703621,-0.0143416557469886,-0.482828109541393,0.197324903973061,-0.00858423848191489,0.0777648922778302,-0.20930983917661,0.342715202262771,-0.458359260503908,0.102179765993863,-0.405654252629159,-0.297583845044852,0.472711844781941,0.868738996188972,-0.0222143627143893,-0.0967337138359393,-0.584596995806045,0.199693223238169,-0.161970628144423,0.189100464690481,0.0508378998570179,0.472491131414203,0.485481030311262,0.0916823790873361,0.865117530826883,0.282928237586518,-0.255024511855774,0.343900173388878,-0.314821277718809,0.536628657836618,-0.64712610724403,-0.784027043297517,-0.514750417162472,-1.00572433735024,-0.49796820814185,-0.589876204924694,-0.278052527576403,-0.130613711142303,0.476940507240247,-0.261145856429309,0.147778938329403,1.01170599462437,0.0795573243997602,0.421168204381016,0.76109105752249,0.755311347742435,-0.0551995466423952,-0.283299091980925
1.6488881827239,-0.749527137253952,0.438367139012056,-0.955109646135143,0.192385807560203,0.524178641389526,-0.0903686655646846,0.744250510842171,0.962031900211393,1.26170944301691,0.159355145161123,-0.129625450947027,-0.668810459172409,-0.112870814868315,0.777956455133061,-0.680249477577996,0.0816230221541652,0.705029100148423,-0.115395713080681,1.11837529795639,0.604381677060507,0.320453042526828,-0.0623503581759919,0.409312098608327,0.504907133728136,-0.12826709351281,0.137546973545302,-0.469590308836506,-0.629078225885174,0.112658917675516,-0.678101954539899,1.03232822695867,0.421403788776506,-0.581418734784309,0.159837271925802,0.250526973378597,0.124457168947074,-0.0273274475483975,-0.519690822170681,0.601262576808518,0.00965877507581334,0.839964348214224,-0.269098093093378,-0.83113874532653,-0.604008400834677,0.000707213197657958,0.47633558505822,0.250138145048804,0.263248214767114,-0.886184868462502,0.295540709096426,0.167564990200824,0.14783974491464,0.157767112303717,0.158984317972426,-1.1731665091353,0.244060284487162,0.171213854916645,-0.59054342607591,1.74251498302937,-0.869190296822209,0.452569414922648,0.226565822862193,0.0326141607218881,0.400868971048063,-0.772360834356768,0.837065664755143,0.467299140861048,1.07296833359767,-0.104604277113865,-0.533418574954769,-0.0994656705364396,1.01619305933524,-0.0413633850025169,0.477979759301788,0.0338494351783905,0.595215177021217,-0.23109710089878,-0.494256152893001,-0.00666897522853444,0.500547860164056,1.47283885941883,0.262441915272296,-1.04311500957983,0.326239675636825,0.139941404796002,-0.313130835481936,-0.199275272770626,-0.897320820034263,0.0426815560598903,0.0213201704527867,-0.477446459948541,-0.0200591405424605,-0.758691937527318,-0.0663100066451665,-0.685283200464186,0.337510840490261,-1.26256199215541,0.295832974094183,-0.151130149241436,-0.807198424170403,0.0904013017139873,0.00280705393999525,-0.246551723000852,0.470095247821844,-0.769534963180538,0.259107488689598,-0.0316557664362616,-1.33556811091191,1.28499322820655,0.572683583455644,0.0177465115743384,-0.225510051595378,0.0470572877752801,0.466013337019692,0.718340121398938,-0.329282671011178,0.488538713642279,-1.53830302187657,-0.135202353209508,0.327476470383931,0.672014995016969,-0.447292089216737,0.0196656631926615,-0.579666789728262,-0.256130961384556,1.01956428325378,0.283042128245999,-0.11266429681776,-0.277067296911047,0.182639597524438,0.607375745116791,-0.47697518404989,0.376243886025805,0.00366166241311852,-0.810799765703944,0.153415288717253,-1.05366443930551,1.70320253291751,-0.177927955452938,-0.19083427751687,-0.159700652932215,0.363436684897756,-0.0866239166763002,0.411287561401937,0.098530699675741,0.61564213218378,0.166331204710366,-0.597712592925141,-0.620254853878766,-0.201871232362214,0.166290840199332,0.411285627707473,0.0916825441970149,0.206817626169134,-0.956345915872281,1.17811392040072,-0.58322572167328,0.681757041152387,1.62775115852824,0.830479163080834,0.54608204526233,0.0674558481454099,0.28608746325495,-0.531140115942772,-0.571450512211718,1.1383427832863,0.0232678641091741
0.0243753752794431,-0.377223100440942,0.543219620942098,-0.223286477994044,-0.253831095677445,-0.301941458169286,-0.214657152567819,-0.351600601238466,0.00150085382193985,0.050395786703853,0.656227332105582,0.206970642591762,0.354198178472,0.107019658496574,-0.199647310680901,0.132613421929788,0.772585392656224,-0.0923910187126619,-0.275384287734955,-0.250678295113427,-0.123509119710903,-0.278867219710776,0.114077704259633,-0.0258263343370892,0.136165471912492,0.608220333750619,0.152863516306084,-0.0275133076788967,-0.055451364855333,0.0422205294931157,0.126145079180238,-0.0440220641244219,0.318412051695278,0.386731923032969,-0.131545403489024,0.13099765968489,0.0641509743798715,0.831928373828308,-0.550066954297516,-0.799899754690457,-0.243677379985417,0.459559388643405,0.396276771198525,0.0786419942237394,0.125215331594807,0.458163524909216,-0.0173318722543507,0.219025790229607,0.136129449814708,0.29484800058143,-0.129066184285178,0.0879244881232004,-0.250703161310123,-0.104063654362827,0.269534975856806,-0.0943172468113757,0.132057011237843,0.0443625318672514,0.00850999166597326,0.457959791540972,0.0619489606525523,0.58643830002463,0.153698297887839,-0.20718276027971,-0.482040890965892,0.30434490815617,0.750352914445955,0.584550338742755,0.0974942554046143,-0.22231054448297,0.0172967123988519,0.143881347289037,-0.310277276698427,-0.455030923073437,-0.178771603397966,-0.0117939012905007,0.0418518443457519,0.890885513382413,0.395960498110726,0.359119152079114,0.383530534243151,0.305174773263371,0.0696412754823435,0.154869802438923,0.157771467638416,1.12210694918147,0.0077348222292748,0.00373654581974105,-0.0854825700761367,0.476049064943309,-0.101110472309329,0.561332413533497,0.0343561164485387,0.456152328685756,0.164693855618837,-0.433236386956847,-0.167451742011938,0.239013132132923,-0.311705391818421,-0.258513907679285,-0.447579769398823,0.325230257231398,0.0719114942014135,0.22576992847638,0.228780475859661,0.351961193526062,-0.555223418370021,0.168647508177748,0.0662681857722982,-0.50321196089058,0.362051279353801,0.354088104703115,0.188075068678907,0.217696927934107,-0.392148266958325,0.0212294528108078,0.0888707845860453,-0.105610823358244,0.290112960186657,0.119834594297319,0.222581093185166,-0.41919737080665,0.0154063061022963,0.0141668842807698,0.419193247024499,-0.181891292015835,0.581873609785835,-0.0196118609215861,0.163580830407361,-0.150261185509386,-0.208256896215148,-0.158998803917318,0.337422943036929,0.938497931717694,0.472765076668829,0.101293494563167,0.320036339982867,-0.274139314721845,-0.00344307843312329,0.138613398820048,-0.225771627593782,0.0397280792443121,0.225435428722679,0.339363918924691,-0.497184667999172,0.200041451422419,0.804782964028061,-0.206063282963966,-0.316893528603846,-0.424784970703353,-0.231411290843146,0.292952472680787,-0.119362536390424,0.509720148278672,-0.405038200930733,-0.572483528050398,-0.573097333308204,0.534700235386444,0.372731266370006,0.520227924312397,0.247967518379059,-0.292606999825234,-0.0684471585335824,-0.137945423567909,-0.00485265788057566,-0.587837767973867,0.247754689069565,0.466960589933709
-0.306345162074423,-0.485445770600318,0.156783764083218,1.35835578301595,1.51255760714927,-0.276972261907464,0.0521102675028555,-0.0728144124308166,-0.0248802499685025,0.512985051107584,-0.0927356246234287,1.50778853771165,0.846080014726493,0.708384597784365,-0.432415290599696,-0.362194229513413,-0.928447269462208,-0.505983865449388,0.501418924590985,-0.199124919299052,-0.158932744429467,-0.0133974871319453,0.211554733286826,1.17856366458598,0.735423770780921,-0.291417999500659,-0.47036552025237,0.742424704226752,1.80736707544403,0.318728626778249,-0.682455140340774,3.1082509480957,-0.700951891437175,-0.87040458069537,-0.885581834755402,-1.50052493659983,1.42623223254974,-0.439458432128124,-1.09097152408154,-0.182447185605095,0.666343610898,-1.36689319664026,0.74049766112661,0.140442859833409,0.640740457677508,0.0680134294828761,-1.02611766961965,-1.1348208192482,1.85669352887136,0.286444124292632,-0.497227056939383,-0.428540473401581,0.260968614046946,0.339256583939147,-0.679864074586021,-0.0781212486591779,-0.410348570270054,-0.146883939692937,0.742748736104956,0.0322558111167786,-0.571937967153694,0.77965965160962,-1.7520164967124,0.975514434216204,1.05212570890204,-0.964536180651535,0.965888983952605,0.993056881269006,0.360797863276751,-0.139154856433516,0.231269693622464,-1.40724383346676,0.104595057646879,-1.02326046266125,-0.192697143839028,-0.226766280783921,1.45873216579034,-0.351863024131853,-0.607153993790634,0.295661782911089,1.48993572916235,0.762667038640337,1.31744037842863,-0.370918717133913,0.600425972422958,0.223177947272677,-0.0819304080840705,0.117932789779413,1.79417814132748,-0.896800718215424,0.795102142340187,0.58950225226694,-0.616384089084917,0.102131715528946,-0.557722421191336,-1.05811622357669,-0.702269219585978,0.731687943464465,-0.811883256831656,0.942126563772761,-0.531822411852105,-1.71377501749126,-1.30143622456587,-1.76717499217541,0.27664790581266,0.548486443594786,-0.151761425370313,0.482890605937799,-1.15119527169588,0.615756083306339,0.691660082283769,1.15177949211579,-0.597314384852977,1.4558528455498,0.737339853576034,-0.846351702217101,0.314946807650987,-0.0547592141470742,0.266535721352758,0.770895533429377,0.0890712762563633,-0.353885737708554,1.05093161828604,-0.796628087808199,-0.0818046278018838,-1.67008326862744,0.178963147550426,0.772406848356373,0.0394765513722181,0.32819096302586,1.29619855722641,-0.343333854856462,-0.507942374592037,0.0108881931575213,0.0990233715750027,0.686609348557706,0.584617289970815,-0.708706842122677,1.46676357421496,0.18425339729356,-0.430331335314752,-0.436712306522171,-0.668163703296443,-0.103260035596329,2.61340277378924,1.63390161661585,-0.823122876426358,0.190772880332711,-0.156506683826164,0.738681640122957,1.46592126281857,0.432482663937334,0.304278438622993,0.721626471786662,-0.355812889580517,0.522878704645784,-0.544841675240095,-0.0100524924093582,-1.81684915400275,1.67292600187304,-0.676006840964202,0.298360601416783,-0.680824718297587,0.464298599763727,0.782401121721812,-0.443388583275005,0.720861650049478,-0.667596592425173
0.078900175922332,0.0903091704556037,-0.0536573427955633,0.169066291259172,0.136782672047445,-0.105458528300766,-0.0892033146109023,-0.111554479071946,-0.348895732678295,-0.0832330044515137,-0.265439856141268,0.160625015631517,-0.380948877478865,0.120846349818318,-0.0223331043515522,0.124832477897346,0.105603430191009,0.18613079381527,-0.0302307303770906,0.240145615386122,0.148389537478462,0.205435450233762,-0.0976002296659033,-0.443650419893546,0.312422424238122,0.0326061829212712,-0.175148029058031,0.000425920051443887,0.0962040654372885,0.199542585475184,0.236711722525739,-0.121002254463169,-0.222138973916546,0.132754720848898,-0.187951825997822,-0.109750182543402,-0.0161201005169132,-0.0717472720367625,0.127446516658913,-0.0822703009368865,-0.0778828634267974,-0.233471408516923,0.0768923904661357,-0.0270174337971526,-0.0126344374154864,-0.130637132051605,0.316446206715129,-0.17396766867082,0.136219361085504,-0.183360942311376,0.0719279079894301,-0.0846747221828682,-0.235056222819089,-0.15312650056061,-0.126346253516343,0.186866751766213,-0.358788108291103,-0.278577759510699,0.100489574116153,-0.0467403643233455,-0.0738554578936308,0.25203870937378,-0.102805720982423,0.00679119078006492,0.0407469783886184,-0.110362966890734,0.319916667608773,-0.0782783275512039,0.147663830286035,0.302930903856021,0.177216689902219,-0.170429198274912,0.00911598872040253,-0.218090634183097,0.280487582572197,0.0995698772180864,-0.0871419796943244,-0.0349834043778933,0.185993929301065,0.00243313893030885,-0.0791257257955467,0.16717698515514,-0.0568378746789174,0.0217283356333808,0.00928178642538497,0.117771887221126,0.0767184023997366,0.131797696585881,0.208320075769462,0.239288232863374,0.0879875099342561,-0.0930901318436048,0.0294807661010236,0.118658389344551,-0.116097788657607,0.0778428190374568,0.0524478900499901,0.12111080521723,0.0640995317231594,0.126081825448971,-0.0315445770019469,0.202785944570132,0.178103418703199,0.422090152901431,-0.0672806626386556,0.0863538599695032,-0.172966968053613,0.0126685630289555,0.36772547073617,-0.140068778282062,0.00558968178163771,-0.0783141470997396,0.288820686289247,0.361212071146698,0.347908361240294,-0.0620346058482312,0.24663951869642,-0.405248614728517,0.00712573806761394,0.00429969323911397,0.326210111421378,0.249484754734955,-0.0471259830177228,0.196818893922102,-0.0116485261874537,-0.0177524466011496,0.270456122331276,0.345924013727337,-0.224738294282834,-0.0380033947069263,-0.037872308576151,0.143067832308549,0.160080327561001,-0.0216632065720004,0.126136795726137,0.16770474416532,0.348152745002466,-0.047736384951445,-0.0598794468643336,-0.169745874743769,-0.164321696778397,0.217954239021358,0.0993934027596566,-0.0779555164146891,0.151338420577373,-0.188984233766766,0.0285301340201618,-0.471043452142111,0.244610866919648,-0.131294034357192,-0.162207571786061,0.268823703859575,0.334061105023623,-0.0698725635465343,-0.0849784558716056,-0.257204898507889,-0.453717877315419,-0.038813332137852,0.126759622763956,0.0275573059284312,0.347205893068772,-0.015727359976954,0.0122629954067705,0.301247742049026,-0.203465254664618,-0.46652150382912,-0.0124967186039406,-0.0897395429707065
1.39497040274773,0.462008084145327,-0.640313472992628,0.431642027298637,-0.384699503957915,0.132931863637325,0.125833768169255,-0.0235857765543147,0.756025370853722,0.84575510792658,-0.0982468233553872,-0.454493216212979,-0.85500364507183,0.0374366350035097,0.382389559187706,0.773295139735222,0.27537980577787,-0.0826595461868039,-0.891480660233724,-0.42238227808636,0.119295820093277,0.249552155776288,0.00554077699415431,-0.273089608856746,-0.157660474969826,0.0762454800949854,1.43368438920274,0.0790665696328481,0.167420374755213,-0.235506287617476,-0.0128443161252836,-0.019525358917817,0.692535410188943,0.148169302233369,-0.0698295916570513,-0.0774382970579957,0.883560451421176,-0.581004026604863,0.566088663857381,0.23100420317728,-0.44334742408544,-0.320286307128265,-0.850712581857514,-0.184984886474252,1.33987923205675,0.663357667320059,0.540532411629476,0.0856396627114984,-0.0118966230944127,0.0404351845430208,-0.131631991390702,0.669081184494134,-0.521729767130425,0.860981905551746,0.624663446074027,0.54778071035651,-0.0761150009451669,0.631916371148562,0.691458683891509,2.16810804131403,0.246178734801141,0.612287778119962,1.5038466148776,-0.386151258243835,-0.714903316983212,-0.522114184877944,-0.375902295873275,0.998032155382457,0.700576607792475,-0.231566429067548,0.758940861362904,1.01896667781418,-0.0631694418703618,0.599706101512985,-0.682719099499845,0.882671836415132,-0.708164506279668,-0.363215209429677,-1.30289665115985,0.0227570506615704,-0.268929259051394,0.724582638347815,0.455876236668661,-0.0771064667493064,0.0818343411846741,0.873771334784861,1.08928353062961,-0.111322197006554,0.540021867711831,-0.448275202237485,-0.763117029677677,0.842930801592734,0.859277733623707,-0.0146847194493971,0.0345920706899701,-0.351140892793838,0.585507375514631,-0.0460694189812433,0.333018481401872,0.210807402796898,-1.03853205495477,0.741086408477196,1.27070342219081,-1.00334592608153,0.813485564714203,0.801611807663313,0.104711849867286,-0.247398457972576,0.331195843110101,0.755218775480186,0.92429799441345,0.129120359773853,0.350918290713259,1.07328836813643,0.466475880109246,1.67895036260067,2.38793891266596,-0.974185145392518,0.679140535043398,-0.121369812226035,0.369592273030844,-0.652345637515832,-0.412179819646068,-0.157610615358596,-0.0746513185880565,-0.136753514579331,0.224659540689456,0.346394612078213,-0.194340102743653,0.549330108984739,0.184034887587432,-1.48493421202624,-0.909552164689925,-0.316646353739071,-1.42244976306774,0.167943083914795,-0.176055122046505,-0.37664402436131,0.398910616350415,0.0837437895419883,-0.194165148923174,0.682388823757851,-1.65114379344164,1.72977577733587,-0.114604944545483,0.405620822142933,0.352606079037469,-0.760577543010458,1.7769785221955,0.287650723859329,1.20632108881629,0.528921913820631,1.77501720648702,0.704385622343286,-0.116108118545651,0.895289251153766,1.21909207889661,-0.115299420450997,0.932198822111998,0.492693048505763,-0.6737811271208,0.450134807049593,-0.0173732634860246,0.881993313154288,0.122249469416511,0.812715904353686,0.447440993465325,-0.124100183066425
-0.183106849454387,0.258057862571711,0.0306055159307539,-1.31161906808571,1.34526261197458,-0.989656110464617,0.400611629691585,0.372687192622472,-0.667950705451558,-0.254122050666054,0.0222045275970686,-1.07359919898254,-0.458865355232149,-1.04350377874495,0.991498292224817,1.38683237004894,-0.6555780210433,0.749753891028157,-0.608638901425475,1.0882431269445,-0.0789609563497406,-0.29249727771333,-0.350948290985126,0.70942773444306,0.850086347786055,0.28961987641353,-0.457323282195457,0.697011367544247,-0.88905707286759,-0.271019252704654,1.83558448408136,0.0125875110033043,1.39972406136301,1.47029637875567,-0.7893938355482,0.91633680512234,-1.06016204159395,0.288013947490766,-1.04965292594183,-0.855713088403387,-0.395068207622888,-1.21034839437214,1.56767634596453,0.38728404078555,0.904597981667283,0.781280884003099,0.968613020752259,0.605459780045923,0.32249878107616,-0.18059320255697,0.371925034251281,0.2711886728148,0.546112251385974,1.33458316182743,-1.1041984696008,-0.0490179876207395,-0.851743550297731,1.86809755713103,-0.860821028913174,1.10080942008654,0.8041421465104,0.919471191770787,1.58112894162417,0.844525818099008,0.44819299667933,0.292028146364142,1.39797147738037,0.973003313751957,0.44281399587491,-0.109779868982887,-0.0434237522490667,0.228811021075699,0.28281126209681,-0.737268143277324,0.120190598277861,1.48572102332686,1.32944963993185,0.123065778315254,2.76998614022144,-0.21218596295909,-0.164342770026228,-0.553464809133232,0.0794824586958418,-0.489613865824686,0.795988748180053,0.98466886384846,0.342733552326426,-0.119097430533073,-0.112365780463567,-2.38932822444561,-1.24904540667993,0.382987472674141,-1.53134799351846,1.48280860738878,1.36841666749765,-0.634991630797963,-0.927763809058911,0.796631847826237,-0.430691100211875,1.07584331215054,1.51832927626436,-0.882267727258052,-0.802012570209581,-0.312870749276055,1.12571620265516,-1.07124671479258,-0.29246481667095,-0.317688189973125,-0.702884485491509,1.07297542027081,1.56185048075608,1.62378936290197,0.883182535175457,-0.126448859627057,0.768305797991278,-0.322624088537377,-0.608280988563428,0.160162053074971,-1.00639429525141,1.91481916457651,-0.0146599932230652,-0.449387186743457,0.758022277319782,-0.422720121984877,0.277783326100673,0.289683326404358,-0.0670976079656199,1.50683386590199,-0.914055087403539,0.64727889740285,0.594466817747277,-0.310332386656276,0.672172084527023,1.06577121300373,-0.545615281013868,1.35709368229756,1.16556929832597,-0.0929365613364983,-0.946756600490469,-0.330197503869381,-0.380225742819733,-1.50041642302649,0.782183397681377,-0.910334644085361,0.906607133029432,-0.606767472570585,1.95073280993092,0.623696715163578,1.04881830122172,-0.555752302444135,0.438370501966399,0.84875178960599,-0.767174485748323,0.680110467472964,-0.790375840086465,1.83034156361306,-0.678394093890371,0.733878688592379,0.708191209120763,-0.0246116036226323,0.137631620091034,0.751117899669752,0.419696990827057,1.84499567983163,0.24057464688495,-0.417618897503351,-3.13207816844101,0.754248401351106
-0.0103598780895507,-0.45607497755662,0.00440635697067573,0.306394809896436,-0.112245100024784,1.52484651524491,1.95976335840121,-1.02280217871805,-0.0840381528949753,0.618713943601978,-0.395381712236943,-0.426862690529464,-0.853668367497801,1.00693467173021,1.96864771668948,-0.559592580169516,0.165701007499107,-0.368632619264011,0.374585881714986,0.387535294567947,1.0054016973752,0.362218685847121,1.49741714105557,0.143935668445316,-0.98397817223462,0.387747058018042,0.659357009540338,-0.710086285087036,-0.119430262521226,-0.166658183189583,-0.299186810464204,-0.110297111918313,0.730321999986377,0.461513529296799,0.225613986197662,-0.384801147160666,0.986627250845897,0.217140960763539,1.3401980438063,0.799407696264577,0.881992770824693,0.0974266571920809,0.440889501342749,0.95338729753866,0.979353296633122,0.759969653776194,0.448903999887736,1.0739037455359,0.177685036366751,0.540513088220187,-0.522985536011108,0.564109888240833,0.378048802345405,-0.876547252004589,-1.1786612294589,-0.431191162461371,0.642838518699939,0.709152900011192,1.19582299528927,1.36691140751344,1.12521045980097,0.774406680176919,-0.129825450993338,-0.727301079999485,0.428759586704065,-0.737715914932267,-0.126438489540169,-0.5286009951062,1.45892945802397,-0.434421792358208,0.177079158123357,-0.444832310120419,1.15222838625291,-0.186700232453129,-1.26589364249135,1.96139237966341,1.17295990052999,0.592513515082825,-0.750390626140162,1.45695639082005,0.424842847602028,0.221946371173952,-0.0557017352840767,0.85738017521129,-0.280085673966083,1.2698718163953,-0.439777818174825,1.37542180519991,-0.21983238857454,2.39083236702455,-0.787977342444706,0.595482725305064,0.832441604151312,-1.04011442862283,1.68841878915282,0.392533341702102,-0.452135674840811,-0.334753413026561,0.291611063661373,-0.329650015912022,-1.07094648655009,-0.249926797101463,-0.304606587539587,0.519808703812429,0.739424703084934,-0.621823035497581,1.11648174819021,0.510223462175244,0.366718635589054,-0.453701496895482,0.0635912506625262,0.462682788498852,1.33714508771191,0.0915743871693736,1.44349507390084,0.697207112221464,-0.209230550047803,0.225817019622352,0.812136769144703,0.81361496931899,-0.145819449553891,-1.54214925248893,0.699695049263003,-0.0121692707326212,-0.479709442451368,0.114913222555939,0.135499402462676,-0.711436731723347,-0.669439496160698,1.19409730879424,0.442344898603556,1.5089819377948,1.19384520908993,-0.575333232312602,-0.17906972137634,-0.648781103362845,1.49108506269554,0.362764390587318,1.41188377062067,-0.401295287815897,0.318507064071226,-1.21258636045163,2.12734883090416,-0.675061362439993,-0.223812780057321,1.17726860286585,0.858787639844777,0.821348101744403,-0.212711187624696,0.065248664766907,-0.50893874271012,0.156419040762574,0.0166326948746864,-0.0636060764762379,-0.340382593692435,-0.0778835016870768,-0.215148219112447,0.00089933100189224,0.232782897014289,-1.40198773772821,0.382236275837627,-2.22725252700584,-0.52780402605899,0.611310757296806,-0.342044033788807,0.900891659209703,0.144370483453251,0.528365332098176
0.0030920289011292,0.418975319676712,-0.317876293149982,0.654379356104051,-1.52797013079828,0.695356485336651,0.359609611063518,-0.10769303726226,0.0938980127317889,0.496556538623543,-0.935082878418968,0.541493655696456,0.0785544914280258,-0.0711978456136985,0.762936922820833,0.8056188242135,0.344131196118542,-0.77287236300618,0.0591073032745821,0.0249430381423438,-0.45763348752597,-0.882458769004471,-1.38961680364815,0.120344710125946,0.839165682897629,0.302340846919648,-0.425440448287221,0.921311901918267,0.0511212510614814,-0.38611771564043,-0.707292887654539,1.40059690493285,-0.8886234894103,-1.18308308177902,-1.07731558189666,-0.215520773000068,-0.15403990280108,0.283565638172315,0.973712414375165,0.221237508513204,-1.31651510522624,0.400164292074145,-0.0986467914285663,0.385770575971889,1.61730290972525,-0.477701086897704,1.51500655159482,-0.59700904521494,-0.611472480493034,-0.29930543494867,-0.0752583567673394,1.62034836944119,-0.548668993640287,-1.10340763624834,-0.85625816120648,1.43636781420112,0.173507619865973,0.475232430956764,0.572530857813466,1.35583405640308,-0.341221819922428,-0.368845950999677,-0.288870970367509,0.00491918641360756,-0.543151215132237,0.155540910499781,0.108949439706578,1.00003980899632,0.752659803738131,1.22211932279422,0.0492612802652728,0.84760410321093,0.827923309631426,0.412678877500642,-0.811263843759721,-0.678392875922225,0.679631873804211,-0.676987994095461,0.789242016516554,0.705993866819182,-0.661441669741822,-0.530454708249614,-0.288499645213637,0.0693486988247677,1.94420305760209,-0.382231180570125,0.573198531472397,1.55470111836948,0.619501803332865,-0.705451271583513,-0.921478953657458,0.281446688670413,0.493576188367538,0.548921186352887,0.0764828195095524,0.223060809404708,1.02612757322324,0.308350064060551,-0.447482521942567,0.145595277653021,1.22433092829101,-1.59196693748137,0.797390543855156,-0.722606539512338,0.551513185200249,-0.639014544017537,0.606350317079673,0.40505288989585,1.75712720181102,0.400412009388152,1.05716308531079,-0.824121249913487,0.0814567535162511,-0.640181335785163,0.221381745847364,-0.739133433486382,1.09433428569536,0.703255649804717,-0.314373107860295,-1.83739198940278,-0.163345133624266,-1.7327232865054,0.0540362113459767,0.349080029468192,0.250664806648163,-0.0160485410656137,0.922076709251116,-0.694481991171845,0.0338005293048215,1.39899575898293,-0.120762695539128,0.0619832900720624,0.0237048610781146,-0.174188407515557,1.10457491428378,1.23585657957866,-0.312310503990808,-0.768322073876076,1.11290230523062,-0.174581691330241,0.45534030870776,-0.111687679970034,1.8869634393094,1.27227747711441,-0.465522228282229,-0.794972994138405,2.2182788071858,-0.333068938514224,1.53701920412967,-0.246923327179535,0.0837278302353025,0.549755107201258,0.0418752500818422,0.722248517882609,1.21452573826461,0.574409524191031,-1.3768265661843,0.91618247128205,-0.892715633627473,1.29006940270059,-0.438680333729531,0.889290134426847,0.27079380918297,-0.35387192947348,-0.72936914938234,0.536974528527314,-0.0165757171284684,0.796861803678613
0.192244280448243,-0.425877684914004,-0.146374517621777,-0.0762979038207582,-0.474765589250114,0.00865713926800171,1.06947643957064,0.349506445246366,0.665871877588858,-0.168971333169538,0.339837910851977,0.667061704567901,1.17428325619797,0.187390931086703,0.38043383193652,0.291105693542045,1.46739151975242,0.327775616259159,0.445658965599581,-0.421762734231572,0.647951931702876,1.00968793267897,0.238648700814588,0.109477615940201,-0.54554172251513,-0.166322331843367,0.0411794805423274,0.0681550014544584,-0.457936412965569,0.50840790613504,0.0224916293069321,-0.0635473422519938,0.328132314009001,0.0426390751479576,0.971576464353964,0.115867533292388,0.108363628245984,-0.296067049342039,1.19431025999878,-0.598485565507766,-0.415269929279765,1.11046434632746,-0.119187526028827,-0.913467364477314,0.881261582246049,1.14665279891932,1.37118217029571,-0.328527727809566,-0.0974957357587611,0.307210891590901,0.0412337874355674,0.160218268032153,0.911039641455489,-0.0930901772568782,0.739903573912146,0.679252211367283,0.0220288126949327,0.746189442505288,0.232082995646813,0.565361411405286,0.0129357940887264,0.403829839997625,-0.221284711227647,0.425665769507024,-0.100343990788749,0.000655937863887013,-0.686324423418882,-1.0177249716649,0.374347982257473,-0.0893596162945155,0.131679912462665,-0.104464631478915,0.293248839687501,-1.03785525262981,0.03983647184971,1.62350454902791,1.63110975263041,0.379216561697357,0.178204598347587,0.347487803289198,-0.91502933047203,-0.242982814845947,0.156222485625388,-0.147024246332771,1.08887575740886,-0.235792537908007,1.42562001901461,0.462477081039406,0.770834159862826,-0.215228668946073,0.346963567161143,0.196902332934088,0.260484906157242,1.4092862239466,0.36888878328444,0.390331374839379,1.09000184089309,0.836940074136378,0.258300838233354,0.711458803450161,-0.631682392249587,-0.101636574288339,-1.22620494762995,-0.352363874698232,-0.647703272028579,0.621192377366717,0.137276613169778,0.914169430907545,1.18972038035548,0.58590698546385,0.09988627663963,-0.609119363738472,0.996117905319789,0.522487598875625,0.217741398465046,0.487059066618316,0.457156893562851,0.608348440996206,-0.473374697866169,-0.0819334921114971,0.187529024875842,-0.0736584463550238,0.757173724363783,0.649056759651985,0.19487462066121,1.36468570464913,-0.605354922009499,0.503189851306496,1.37748203466719,-0.269959733234135,0.276909194653032,0.424904113137902,0.650858231844771,0.0621019342224984,-0.62315788911433,1.11329885528513,0.650104765231066,0.306585038447401,-0.478371097277792,0.291381128129247,0.480886152879688,-0.520046725749633,0.726640150878559,-0.47515348922556,0.332076855882692,-0.468071510933288,1.00944052535625,0.426448973477935,0.0466548596942843,0.595591880649284,1.83448346288799,0.295983060149853,-0.146603330723251,0.341379413948052,0.244422834499328,0.488635126969246,-0.948707666738431,-0.1853794092183,-0.333519198684623,-0.33622344809853,0.925091810275747,0.440264226617764,0.100125375726703,0.0474582472615283,0.664452710710804,0.708199843032557,-0.196582307087109,1.11830694414321
0.182990553456413,-0.606936458619096,-0.365879229593719,0.0312001536232971,0.131799065478443,0.646524286499477,0.949803846514979,-0.230321678879671,-0.358112429493167,0.256116726526716,-1.05021915977027,0.525201867937202,0.620981114125516,-0.194884194193353,0.866701881820749,-1.37582447121047,0.0911535238703653,-0.0614856665510436,0.243166791594073,0.669828955666484,-0.570250130169611,0.0718273733443526,-0.373050921665674,-0.167240832311309,0.343515288614655,0.809388318989379,0.751963540226744,0.595957054301465,-0.544125828198699,0.423685827505093,0.51381808793518,-0.226487358298219,0.398965691078003,-0.419335082499895,0.822412999095303,-0.35763360209108,0.528953617811601,0.0780204622160829,-0.318351067823139,-0.469309562222391,0.27169992313372,0.835192169979512,-0.0508081625358243,0.476033018000394,0.154274792174216,0.344792356314794,0.0835981700695564,1.00012563108547,-0.130756973170042,0.02023316907442,-0.735970693804677,0.441748792335596,-0.231817555325822,-0.334812029915832,-0.249123885851906,1.07777622343298,0.816319517967686,0.454068050466893,-0.441842388131202,0.0899080054399326,-0.685040709546069,-0.0225768866963255,-0.301352762053487,-1.23276390587632,-1.04166804985833,0.316196056218427,-0.86266914576165,-0.355980165595156,-0.313275922147663,0.284984066523149,0.0928096699911762,0.718814139594937,-0.351758531195142,-0.055345265040124,-0.0374078872894053,-0.253439390275763,-0.959203987411089,0.324742029880624,0.305673131984074,0.24563073865513,0.388117198907384,1.13685114858452,0.937700188909796,0.590280214427915,0.394427729594868,0.271553515522784,-0.407495274025862,0.245484976621074,-0.172276494206009,-0.359336892648376,-0.35719678407348,0.0668860909307975,0.840140052579323,-0.129019817617164,0.317382762838932,-0.209480021176348,-0.221078851535904,-0.968962635808711,0.0293941966930774,0.358997339365762,0.353608466372138,0.0212055049207964,-0.544527447951559,0.212360138495606,-0.308840953222594,0.267485477354278,0.824353344253199,-0.845546680316682,1.10807426170776,-0.412002358819489,0.526138929301041,-0.281971084089721,0.280587383337478,1.16745616445876,-0.352793320243538,-0.852494582488976,0.192524889255275,1.13197074384857,0.455498269171864,0.973091351658254,0.0392687267200067,0.253161019919629,0.647768528876766,-0.642673729873309,-0.143087184753517,0.187196230596514,1.11172845792604,-0.213185278724458,-0.227078380444621,0.231627556429017,0.182351214617574,-0.107970729428308,0.398752963929789,0.749024145024394,0.206377105863201,0.249076131684132,-0.116985534500258,0.00497398962661424,-0.20060650977163,0.396079155563707,-0.415161158510447,0.302247742507698,-0.254827659310648,-0.265516983557089,0.336002292288459,-0.695950607472889,1.47424097892392,-0.36553276848377,-0.278383438493152,0.0831475323642967,-0.042396257623738,-1.03129885048652,0.985666601926196,-0.405425144797865,1.25004392977021,0.078739435875873,0.403555329670267,1.04647672344447,1.1720042329932,0.37377509577799,0.869449862736654,-0.118444944509599,-0.150262550699524,-0.400913814781637,0.309678781460356,-1.21991532098875,0.372062329669776,0.771954646064491
1.34293252345275,1.46646574575468,-0.264717794992816,1.25902342312943,1.650695955496,-0.124634902536084,-1.38540130122925,-0.000788409995633926,0.164557390433545,-0.473546654440222,0.100873503593809,-0.346694567536907,-1.07753257227291,0.188108024835352,-0.116505439482338,-0.389410588201343,0.424508836142528,-0.678096737577118,0.392121173574596,-0.222339568891139,1.24913979993228,0.402477564642672,0.489953598360743,-0.620861593221327,0.372384301615887,-0.903838821398499,0.216133430303069,-0.30756135120665,-0.257779022362576,-0.609236006408083,-0.0906861728192314,-0.824452375562687,0.68978935035301,-0.327888951095223,-0.0245433468949062,-0.540760790051867,1.14061585799345,0.506790841603447,0.499336980257076,0.452208955218588,0.228798531416705,0.657068806016756,0.0707231798095452,1.54102355788877,1.45585788194691,0.0168011588171643,0.492194227294862,1.27353505660417,0.310911785329147,0.473795536977414,1.18252270686609,0.497026572889992,0.617783254882448,0.404909481327655,-0.270025869111682,0.118399267970975,0.898301958809309,0.34891884990981,-0.363066665359993,0.475381867816878,0.245330594337166,-0.272287658392212,0.457242390310414,0.0425303631164402,0.426346004670634,0.459295644711777,0.153727202849727,1.48004970874538,0.923074901755643,0.387635903324521,-0.695695481326828,-1.24330545398386,0.493945683350917,-0.203219551502774,0.311267932625043,-0.464273108593249,-0.480337084005147,1.46298377165985,1.32081266023451,-0.452942989226017,-1.18371836754576,0.781729002459469,0.849185531845942,0.982962936848705,-0.772951389693442,0.172583892816976,0.161467854396341,-0.116948589336539,-0.256138233067531,-0.14144512020033,1.07379170729692,0.174415432051268,0.185830400037006,0.386653596631243,0.359452036420354,0.314817759209213,-0.0565954640185379,1.54001610890137,0.235840847803049,0.369557272630907,0.318694314544932,0.35862254781261,0.844462491574618,-0.0785068827548216,0.0521556023075536,-0.142276923700321,-0.763901513227359,1.00609166008697,1.36947248871942,1.46218599303486,0.762408990114504,0.433353589192257,-0.165530410266541,0.246444669068384,0.706534616368013,0.563236341898806,-0.277074559387026,0.273324825775587,-0.300840375555046,-0.287651368635976,0.982108136609755,-0.0842024981637149,-1.04982862025204,0.338944971157699,-0.529620853362291,0.186527195722151,0.20840880041385,-0.45088282981783,0.659455153661229,0.28479083473597,0.708002170463192,-0.111660773563343,-0.126465445690975,0.490919025258698,0.337824699019061,-0.93281786456375,1.03419238653219,-0.421830607157903,0.388761697145089,0.308351604469112,-0.688728189295068,-0.0913793918884754,-0.0184568390679821,-0.0991147066426744,-0.92394813430254,0.328050299436325,0.584033225434851,0.257630323324397,1.52193482336328,0.205602513980236,0.587724747811607,1.01212355664016,0.228715202562109,0.186918648118829,0.0159067453949683,-0.354144904728978,0.0736205876889531,0.386537792566868,0.449716154751435,0.238194812311158,0.0968810143656985,0.0555474534868539,0.00457116771752647,0.0337420062869355,0.967500986509193,1.52035000853912,0.775537535875723,-0.515054935289511
0.683251544167705,0.216874454627593,0.272792667891052,-0.188813758852502,-0.417439025400986,0.702271045546663,0.202852165068449,0.578621980765663,0.165777875530532,0.646122939328678,0.201971296928657,0.014710532040524,0.122540021501487,0.546009665828178,-0.0356585174915196,0.121796229268007,-0.0464230422756034,0.717635000615024,-0.398997288080823,0.52531118614751,0.294470946749772,0.14177018167777,-0.137777922902903,0.397253462597975,0.300729592468407,0.601201536767591,1.20258503584938,0.699504324253562,0.128515451017092,0.0273251969623652,-0.66965356853906,-0.467708327253697,-0.241577906117912,0.722144630460628,0.104866612781927,-0.371552218661108,0.353646984141136,0.497727577498791,0.174240858173101,-0.116449904703646,-0.201799012637596,-0.583606559216605,0.0989014789441701,0.428364577543444,0.77193737852444,0.0404864015912379,0.0547177514967026,0.964894345831952,-0.320717614701981,0.506181906259106,-0.0931962422550339,0.369932162338024,0.933877069055285,-0.25293820152815,-0.422581781809261,0.597568265230041,0.0759181514173733,0.0322882837265005,0.330710357766682,0.222586459351823,0.176395954473793,0.0493447962471396,-0.014732035190875,0.0102486103680701,-0.817624250810699,0.13239489848819,0.184477233573104,0.121771332136962,0.498875333170467,0.981060142045894,0.284537327389864,0.260740309635347,0.349364647413011,-0.144523494137304,-0.185849808803064,0.0616284988486018,-0.355270949979307,-0.158560268939439,0.134879485651033,0.368805726066963,0.55279405102964,0.076021702455689,0.343375171040901,0.239912184884887,0.0718509333426054,-0.589289552690867,0.136342881936862,0.508855016792535,0.918244448534487,0.847206836240338,0.554939135025214,0.594179363770995,-0.0246603983477129,0.411418280672529,0.4505931532216,-0.138865793509104,0.515183407812714,0.252183856248044,0.284491345521052,-0.0847728306144875,-0.290663478055251,0.0668313138283852,0.330236461733265,-0.00759538019638765,0.230192579730152,0.00986934582345667,0.212078052907181,0.487254076439086,0.441761673461675,0.887911359057364,-0.543908660711333,-0.160635516026881,0.368697834692786,-0.24245132585645,0.193885656962637,-0.888717158933712,0.380996549690247,0.362876734861444,0.368796812634509,-0.804096154569531,0.0148424078001582,0.782238340604311,1.305881043998,-0.318882058920993,0.517984810157393,0.39764887630802,0.36182686459389,0.537208666203382,-0.314299359306544,-0.462167292582189,0.127884026922779,-0.125628599635518,0.314358254847035,0.70063271957022,0.930231282568662,-0.317849764424833,0.252538812157743,0.779529859237891,0.190269519179674,0.0721573071252686,0.48880838841456,0.776190059868787,-0.577185001474811,0.375692469539893,0.279210246455769,0.913850344493919,0.245549022501928,-0.11437032044411,0.0435298048712666,0.09423552766333,-0.541266201085449,0.795378716732147,-0.0459778447424639,-0.202831925965494,0.36664101458608,0.106043025035344,-0.318115147167682,0.188166287808523,0.0400533545700271,0.896163268851441,0.255177242433475,0.0442238656279018,0.319996801687076,0.352696407240759,-0.583781770270412,0.207809684480506,0.216745251100962,0.0943301010873508
1.52554719051243,-0.739286455552406,0.0530168581737856,-0.535071322870499,1.3836927331551,1.64899721092281,0.231216435940357,-0.204083631582301,0.776327889593597,1.09231181524779,-0.438280768384561,-0.25137244477852,-0.27147589365795,0.337602439910354,-1.25500555613439,0.297847141711266,-0.274871553309609,0.793960227494482,0.110649931809622,1.0438028996309,0.384481238373951,-0.247327585385181,1.08326960834061,-0.736055421219383,-0.207532488282273,-0.601043140317011,-0.281545950747313,0.304578814095224,-0.315133048071497,0.989041078891712,0.639517299322756,0.151284326944278,-0.0627255924188642,1.46666044881718,0.489284073902127,0.617039788867409,0.186357125973846,0.0203764975073315,0.967369760008114,-0.425817445465826,0.639148067783596,-0.222093828147379,-0.264917102924928,0.939952189668642,0.765942447349417,0.760181163039593,-0.414130461880728,0.241504037479177,0.919413643586668,1.06908578253438,-0.745102419210352,-0.636804275368273,-0.137141722146704,-0.516774632323327,-0.892718351577336,1.06010684419834,0.492485183422068,-0.140496174543971,-0.725315499947417,0.342875721196559,-1.13270310292094,-0.408379973457893,0.546451370538122,0.197016403881593,0.638819081037751,-0.153519762526376,1.30902637005315,0.741939840652389,0.676231438794297,-0.604142128376211,-0.4493315723341,0.189238717925153,0.217151876641436,0.458749130812368,-0.16929349367853,-0.066104217634613,0.812908787414455,-0.23778112201091,-0.0447864781490435,-0.472214427550671,-0.0358115967933963,1.18293185441596,0.179754501197232,0.735683111444345,0.697764914181255,-0.875576374122863,-0.853735285017354,0.106358277589075,0.564844287452277,0.532995335862136,0.0601851224872827,-1.0060773659788,-0.187695608260943,-0.0766222100144257,-0.104131262243914,1.14085364056959,-0.438880485681606,0.513160970505533,0.966928172342829,0.828251308126515,-0.525711313956906,-1.07559607066656,0.00970246583040543,-0.466819598554911,-0.10412438759897,-0.262016767503523,-0.250994328989616,-0.192798426715412,-0.880011313503148,-0.721050545939253,0.390429574339723,-0.376625243680032,-0.186356062691166,0.946947972233021,0.0472511618578006,0.224055828399504,-1.00598723013357,0.153828438637045,-0.76930752711939,-0.828359421389196,0.438399519139143,0.0544347248431126,1.59095374849688,-0.409801642106643,0.603185355174323,0.130075491383989,0.895311514096577,-0.964712954720885,-0.607042310425163,1.45437589394392,-0.589654928851402,1.18453207361234,0.294432276498801,0.0722179053920547,-1.1284709950379,0.605195924918001,0.0229310714923881,0.979357070009045,-1.54725082393688,-0.525673106766755,0.0786558244243012,0.346073853298075,-0.728401922443652,-0.199266083170412,-0.586667725604028,0.10312916531616,0.592827603358326,0.79516987743713,0.23553370506995,-0.122370098681784,-0.448653167613868,0.461688675359837,0.385990621504306,1.27749522417433,-0.671830379273439,0.0110292121152723,0.978755591334779,1.62109646958332,-0.0951770042268764,-1.12882610644065,0.173621376618919,0.244965678563582,-0.298159684623059,-0.215824442185055,0.215689254824304,0.0598980045669332,0.411880975459142,0.378420415419463
0.030687118965729,-0.160220497562152,-0.455756999315996,-0.0731825578965704,0.0819690786951779,0.0218481939003643,-2.80738200879177e-05,0.587738186699875,0.0364617059316941,0.17435489145302,0.489873749503526,0.0564655396188907,0.193954631612939,0.11392273645887,-0.0774213173769038,0.639919564719962,-0.205061684560387,-0.219963776736327,0.103369427318079,0.538596584749814,-0.0252742228737795,0.261860120644827,0.322257751809689,-0.548433948189749,-0.174405174887532,0.168433469088019,0.651491931790198,0.408621695808868,-0.421841186424411,0.0587779214534276,0.639829849515751,0.307319580599214,-0.385911748447372,-0.127868928017342,-0.318167176754657,0.0476357329294321,-0.242259710988574,0.136001735407063,0.161070895898993,0.318473734806627,-0.070364061875841,0.417313441063273,0.315850383331801,0.740205741216398,0.236407617972298,0.525791052540137,0.676206121297651,0.0168290493479948,0.249972712367486,-0.249269255227638,-0.134418513978533,-0.223439685668332,0.455059372224485,0.507019929410308,0.786644672120851,0.239275812375872,0.440178415859911,0.562225296778357,0.451876085447573,-0.0256964201047405,0.207421615576835,0.389312701444996,0.33344777846279,-0.233803850315682,0.0884666103444541,0.564738641934082,-0.151069073342976,0.473250497593612,0.343069338149021,-0.225676136956275,-0.117614646168751,0.180417633360338,0.515584313583919,0.106840196826806,0.156486803594386,0.00144406359175983,0.20002993405218,0.239314019796353,0.209413094833692,-0.359694581110505,0.265224702800935,-0.488583948644266,-0.0693388714391662,-0.421797247100211,0.0849317699433487,0.0090280966980351,-0.407492330336791,0.329552268838853,0.000939048256109076,0.571749924802561,-0.0635317517481836,0.433059567138757,0.131670004582351,0.213624987965489,-0.183262131138259,0.441291434226285,-0.399425649771707,0.150099845767145,-0.15959939426743,-0.334661541254039,-0.200693843775958,-0.157852526196537,0.383302710498038,0.294375403090945,-0.178663515057433,0.446032520701934,0.295074058816634,-0.00638292136539127,0.0881216716667541,-0.445677726678411,-0.045941290171948,-0.434952384154407,-0.177380702800226,-0.175867246017525,-0.124749227687702,-0.0220117442979457,0.233810181555344,-0.449803924736425,-0.353375730456277,-0.803540932920082,-0.0248750900684977,0.259453813673071,-0.160287141132636,0.146691374560206,0.480674935107478,-0.509137867334964,0.0242281212864517,-0.420295430150663,0.719538320008003,0.0437669093730344,0.535840507668445,0.701124713017162,0.529783150868894,0.510455876302866,-0.127324755585174,-0.0913029362480069,0.997792847106583,0.0582012622521072,-0.020835782623971,-0.193417480987479,0.169483611823105,-0.109026755973529,0.160688605224275,-0.168622965380129,0.86328868926281,0.459821055876523,-0.189942328309673,0.303884000423335,0.505884608835557,0.0672285593713615,0.0939974062213611,0.0168927657600044,0.757406568193584,0.292009514901233,0.60437413240445,0.627227399986426,0.0521747549192812,0.238211915429587,0.145729098437166,0.309174756043774,0.0686575275436524,-0.414696140569587,0.234799058295965,0.502213941358604,0.268301815412539,-0.428733484928221,0.35650233455324,0.620833026888725
-0.349598817599522,0.718656482627429,1.70009047589715,0.953904683281751,-0.843386385760874,0.0119785845702206,-0.594801592929789,1.34379106113633,-0.702123650847416,-0.22045956268729,0.0110085475195486,1.12094282071025,-0.189328150210822,1.23683563697497,0.570542702118272,0.717134316852617,0.638713610242383,0.700495526879878,0.927666848278271,1.40133513237253,0.86480236171093,0.870859122150524,0.147897015138049,-0.7908979542366,-0.124859248165808,0.456666424622144,0.275151907922594,0.964711223811055,-0.0946847115159223,1.11129864358855,-0.0924868301584542,0.547372547255221,1.45119701642678,0.568747360484006,0.314878867307683,0.137310697985929,0.986226516690915,-0.806392801797458,-0.164226221617898,1.45457030653977,0.669622812651892,0.796117495639781,0.0114646295486965,-1.49427693834118,1.75021578534996,1.0350283549525,0.810392510939936,-1.5402706207855,0.574058778054898,0.631553738612255,0.648101579432717,0.602693546278951,-0.363867252357704,-0.946607924695289,1.44298139821786,0.715657243175291,0.170610183964011,0.390357441743867,-0.385157359257606,0.936963151007595,1.41745762390199,0.336768802695494,-0.75122577614198,0.562838601220897,0.776727348754429,0.925517085420015,-0.998690457384051,-1.01845760252401,-0.128242087606197,1.04586967809943,1.88950105510553,1.0024456296016,0.567935011234871,-0.481992483974705,0.409473453266291,-0.0878262117022348,0.113065622766926,0.924510748568821,-0.825566438530448,0.853589795773697,1.94574092597363,0.577777483862263,0.875731385990089,1.69054259643763,0.896613756894611,1.0754058615141,-0.042884991609257,-0.404830562664829,1.29994692381789,0.634164557826167,-0.0663073228468214,0.454333668351552,1.01495242156966,-0.302210458155313,-1.06941261864122,0.820256246638911,0.418097850262161,-0.00342229755971218,-0.59872597905636,1.50334372747686,0.469268479370131,0.858542868247646,-0.146908057286805,0.0379015442807972,-0.325952278353737,0.391323367965665,1.35518098334999,1.29655056565413,0.526728166405893,0.764960669919153,1.08411512436839,0.441211032973433,-0.369088734179853,-0.266848819942805,0.0039612019124014,1.23419323473287,0.153438090728749,0.770609454473208,0.373174133496854,-1.11366398933265,-0.368367328039032,0.153554073486221,0.248112745009422,-0.357560079573501,1.55889540001878,0.58489098265766,-0.475284521792456,-0.30010548059076,0.849515230629312,-1.4507845809237,-1.07468043489596,-0.0516486186418362,-0.303559365680614,0.596272309579208,0.890115358326785,0.0438260005568602,0.115765044810952,1.15481574037891,0.561492351429692,-0.629044518557853,1.14273411555447,0.30032999500969,-0.669485338655133,0.782534953440305,0.267871925123745,-0.341688258273424,0.824239570207999,0.150295235803373,-1.31575368235976,0.346841982072033,0.34088048329156,-0.258489029081069,1.27346493645707,0.496976106611022,1.66267658552445,0.017588613804655,-0.455675425120443,1.37135402752838,0.999492522012165,-0.569829138442367,0.715972172028195,0.102268030429972,-0.142448885675649,0.254109913467645,-0.270730223621953,-0.866874155698897,1.60090951765098,-0.595090860437569
-0.0104158478937846,-0.785998496938678,0.629008460984195,-0.619788050386489,0.815125547346389,0.191598863596998,-1.21315405368842,-0.598398819491489,0.0825898747532147,0.683605724536979,0.455940627226973,0.132384177774789,-0.187016143873242,0.201726306532355,-0.417073996516252,1.08055768545597,-0.700835056726565,-0.313466235828414,0.857863732368098,0.775988096683947,-1.93362227948457,0.188729551825321,-0.697628571188625,-0.884106447583567,0.0450419748457921,0.208980090348646,-0.944852128522877,0.95339246503261,-0.665011325588652,0.156651627036803,-0.328787915218442,1.36632800720891,0.62553730359751,1.2179519243656,0.159406055956186,0.310049358102383,0.733243277420093,0.817773149466399,-1.12886719079566,-0.872270800446755,-0.41046046660188,-0.232783909518217,-1.47359609160398,-0.394317700399502,0.343697581946776,0.991931987609743,1.51686536313881,0.475034348027836,1.54454248604182,0.306027274160037,1.50712286950532,0.147769163082175,1.26412419731167,0.542012625554687,0.0698126612628611,0.636255856133113,-0.527970762035564,2.33089642594711,-0.367061506923406,2.09950331615161,0.804180830972778,-0.326792565814146,0.123668352729366,2.29752060215379,-0.519315572807909,1.44090664912838,0.855855596964297,1.44400972893542,1.71262345340423,0.0909278042414576,-2.9611835146839,-0.448407586126088,0.789361908638833,-0.147192997607155,1.2737940898481,0.526557438193506,1.20490126400538,-1.74434681584551,0.626356558493302,-1.33067533571362,0.823728793223698,1.3911672997197,-0.617712630971985,-0.252911672700407,-0.174959205613543,0.469387322110737,1.4408270300774,0.176327459058644,1.53707147650699,1.53814064122615,0.427517145054108,-1.34936097936955,-0.240701125006925,0.581024393523177,0.480015456955268,0.56535430548273,1.09926891234305,1.10834618054247,-0.235734780851618,0.445142330025217,-0.262536998009001,-0.450860593134875,-0.99393659752162,0.311326716623682,-0.743915215174032,-0.303265855332784,0.671879153939914,-1.24798868959284,-0.0036578101467992,-0.198300032271262,1.01422554063157,-0.210767259853239,0.203728467999205,0.369391339943055,0.0810180216205328,0.857339490365716,0.386569057474309,-0.562529690106308,-0.680982453671187,-0.850363985920496,1.11644883493878,0.0314445600871873,0.169495442184822,-0.876339053616128,0.492253620003636,0.941808354772699,0.572552347533354,-0.701915466322934,-0.496783462729048,1.72828168665109,-0.77070381771421,-0.811701514201672,1.76496819989186,-0.450245326376925,1.54463022900424,0.386451020264877,0.265261207097779,1.37219353035448,-0.255824718604882,0.398787117276165,0.554727524384502,0.0708888467329553,-0.142290061772123,-0.0802848681938675,-0.263159228042493,-1.11923517807033,0.136374141212408,0.120689817598888,-0.640918188353723,-1.97667736874054,0.442050719914916,-0.0889951650176725,0.624353300576315,1.22581216220768,-0.855359333673709,-0.60154426154947,-0.659054785915558,0.922441901017201,-0.584505553207504,-0.125244900333833,-0.357305862699944,1.76226905021639,0.188559171931311,0.337579764783876,0.509864029504045,-0.206028799538646,-0.1083774910165,-1.51498360293093
1.267993709868,-0.0911627763249692,0.314233281551802,-0.419002053992109,0.345598420156788,0.115867999411794,0.627028820478836,-0.0336500295666448,0.00103713832562574,1.16949883403565,-0.40164502100186,-0.224997209323088,0.436415206066075,-0.376707883189036,0.244543994017615,-0.44421931317248,-0.438151454984599,-0.284048444021657,-0.553452629254034,0.478205436799428,1.33637321755354,0.366309807849145,-0.644852641668041,-0.840508955057477,0.424608083244203,-0.333650349138474,-0.488107170513575,0.0236511763841758,0.979775380778997,-0.695305844355986,0.565064785519217,-1.43950466916289,0.965312302805676,0.578766852139263,-0.499395896344561,1.74736405239444,0.11206571988575,-1.22878241399537,-0.418066808995652,0.159241289484373,0.860289226747671,-1.18939764453844,0.424473513929628,1.29834675944304,0.260579972298886,1.04327798941714,0.917763472992322,1.40110251852031,0.619507311735938,1.017999812762,-0.333147059189022,-0.273462554326409,0.0918278668981576,-0.158889110248408,-0.915610834090599,0.871921900826031,0.0319461840778689,0.312602515577733,1.5689228242003,-1.05843988356091,-1.06031162915805,-0.338650941374122,1.01290217963476,0.539215015813226,-1.03104761853164,-0.129141922230001,1.43157846505565,-0.337424482975673,0.27279491541655,-0.262245222465783,-0.199238532715243,-0.0578449793172397,0.246226830599309,0.736496060381848,1.58024017664877,0.808429543766003,0.484158362948512,-0.034183470029027,0.931203406028533,1.82133865324652,-0.813497819026607,-1.35207172159981,-0.122789766045952,0.700030150132764,0.263422136466532,-0.737198923172181,0.410263016989126,0.192346586358593,-1.27328478491425,-0.580387357474371,-0.507320355820706,-0.411987583455304,0.376318136303984,-0.279356267450148,-0.466643865558351,0.382434590843962,0.450673251025211,1.58076656619714,1.18281385896173,0.486471470313716,-0.472798120987034,1.31006357514837,-0.540807879614101,0.169673549483587,-0.952906004968038,0.374920219391113,0.142682797312512,-0.406624388586152,-0.349899459029205,-0.0625814863836228,-1.41319077165904,-0.301370714829413,0.011548340913696,1.15857284124668,-0.932630521541705,-0.57998260661396,0.264572625974748,-0.00540295405639668,0.185296568895548,0.452446492720897,0.235022670503312,0.674438928683878,-0.401211248158414,1.70132735076432,0.845973832553649,-1.18898884214671,-1.7792510851911,1.10713274641677,-0.0978831255608683,1.51831559987585,-1.95573157767303,-0.964346900364662,0.047959336552914,1.12701317783195,-0.468610993434191,-0.677320208031983,1.02475267674526,0.255916586489705,-0.551734350586746,0.763781452160735,0.646299836935172,-1.01448386192178,-0.873249132497624,1.42291210915227,0.0259910387821042,0.815773368420582,0.0463044844804308,0.213892842641768,-0.31375957430785,0.154021365926161,0.667650734031241,-0.725131184616821,0.241916719137531,0.121825818574628,-0.738829544090808,1.47766026073305,-0.458701010105718,-0.916028382483726,-0.704964570594304,0.789982279169011,0.0587135782675122,-0.900517245866383,0.909696939510423,0.248389510028763,1.82649058863741,0.487321110422717,-0.585269243819044,-0.624668486884512
1.30168721271407,-0.41440020187218,-0.1191208725662,0.769850815209948,0.605631035406486,0.543818202281838,0.277896472872537,1.54715463353497,0.0412986282137179,-0.181249419441836,-0.0230667550753103,0.83283209347967,-0.912625868345653,1.01187526127516,1.07368230178592,1.19948490616396,0.786021354431937,-0.605734551779462,1.08395869192385,0.0432410916818964,-0.185805371045535,-1.544087036777,1.09327413264391,0.0711424641582823,1.13352541195471,0.0461936171938493,-0.707900966765291,1.35452214499595,0.684934638630026,-2.29968441978787,-0.390715034841289,-0.926371555480551,0.620722256469365,0.254807306514268,1.38664273333192,0.433438115293117,-0.603035767036741,0.170346094352067,0.231769236778285,-0.912160530637973,0.605541484992026,-0.383828933380231,-0.715745393780169,-1.06325653041493,0.650665341742493,0.163602325436239,-1.27651113682651,1.38698936360402,-1.00512517176868,0.287936836846024,0.583447215225332,-0.429756492270659,0.061798955560732,-1.29880717341012,1.18299912605163,-0.19879824888463,-1.13481360472757,2.3227390348393,-1.39890548489247,0.0706461913144543,0.117002882541273,-0.619432741972266,0.865911791841714,0.361003377152575,1.71252138614287,0.851889981221151,0.0608950574438918,-1.38800539990144,0.904442307302296,0.106640321745673,-0.237255032554377,-0.190058058442412,0.221937987470678,0.821056106429662,-0.472619987143821,-0.2691790416633,0.0677504425932256,0.0644884218180918,-0.185125228730066,-0.111536053325214,0.404277009330613,-0.774695720069132,0.676999038685095,-0.751343734596233,0.953334792236511,-2.33842187691442,-0.217829919224509,0.264989790243924,0.405863461934559,0.39765570238122,0.486249443371395,0.289861256958386,-0.539835508381747,0.226075192970715,0.499194056700665,1.66259187130562,1.3135726596177,-0.149186247302053,0.431453444650519,-0.754235425859448,0.320284937117843,1.76404993976393,-0.37435116414921,0.582153037778516,-1.17928691774264,-0.121063650564644,0.223617999899084,0.746704749760466,-0.490790583535578,-0.753558703440507,0.60458832918673,0.400277891291966,0.0653481948251586,-1.54006566860953,1.15588654224705,-0.293406857448315,2.18966367227465,-0.394887493720145,1.3566845477321,0.118062602367489,-0.140180739233444,0.0870310235872846,-0.321083855786606,0.586368767621922,-1.91838572077344,0.70200235456738,1.22112970189209,1.71253901189062,0.862402300327608,0.156168763985094,0.866606658717912,0.28143775014651,1.45030757225999,0.319854150208226,1.83401550643997,1.05782469966067,-1.05076299435179,0.29502898525025,-0.334606958192433,0.0922628380593515,0.0443072667365714,1.13195791463647,1.0574916199169,1.63997139691824,-0.749177137603237,-0.526683211025365,-0.270062164831978,0.0994515132951194,-1.30330641704302,-1.31391887905069,1.0078845596427,-0.0899418561822443,-0.839190824271463,0.18389053712184,0.0218563903622547,-1.54668983848982,-2.14439986287841,0.518031775228648,-1.11827676799918,0.52323299217388,0.69588088294448,-0.455798628015844,1.0828339645425,0.0621005324311901,0.253977059585406,1.0004169586735,1.04754257158939,0.877821921240834
0.161720547658592,0.174676687281526,-0.0841673497284308,-0.194777770339366,0.308804593678528,0.166504429664446,-0.23069222820475,0.139523026697108,0.764313618519132,0.434391201027707,1.38949826263756,0.255472291585873,1.5598195352173,1.32959888956466,0.604831381735004,0.0895672164624655,0.424701126042644,1.58403994847812,0.238867257870662,0.159718695338269,-0.0516274329058706,0.247137296462275,2.06355099641723,0.630473165761158,0.718687978304065,-0.210439205910436,-0.217501857879151,0.0845514765747277,0.962724911928685,-0.122102415455292,1.37138946079384,1.18026033713306,0.349691903485341,0.877672454837736,0.0648414736687641,0.032012388637305,0.779533543692888,0.777227207577508,-0.20677895872214,-0.17125212982478,1.7398448450473,0.836775450435805,1.31723022096261,0.106182716902694,0.209651935442967,0.0506712952358942,1.05429400475857,0.0561266721474154,0.494100244389243,-0.420389288415077,1.7409973790254,0.3196417683612,0.535525237757492,-0.243924058449972,0.585986054996525,-0.446938699078635,-0.147626068430202,0.817115658370819,-0.0475940101178944,0.555080165275098,0.164130254501706,0.0925680421142842,-0.105957143349055,0.295740484371723,0.76548564953142,1.56473096935471,0.149536284956278,-0.161615070503723,0.835629657730724,-0.000750132442189189,0.815191841964339,-0.795160979819952,0.327333068019746,-0.301330325904835,0.113808747466331,0.670916597406477,0.258888900113421,0.391845668044332,-0.0368161049057361,-0.425734150278561,0.747597001402418,1.00414299388794,0.83911572762459,1.41262800445172,0.441684692073762,1.36196443171175,0.629982456308644,0.0612426359202255,-0.358003609637906,-0.636139592675606,1.68950374073533,-0.600265168179767,0.925185774483339,0.903637509931733,0.621339678808318,-0.0660862664189217,0.395440440899563,0.0274580569294591,-0.0977215553624909,0.957017348505844,0.102656526594487,0.460969368816775,-0.409899080295222,0.753538374961998,-0.448890971241931,-0.157349217685561,-0.122908803882793,-0.430471231409418,-0.35510777563827,0.338495458315065,-0.53063008688033,0.746337871042609,0.0443949241712319,-0.270257669772946,0.497454084355089,0.0957246668115946,0.415954531263518,-0.885785134152228,0.187640047990718,0.295146071539115,0.911574327664929,-0.762063935045173,-0.276318761386299,-0.0475768764343184,0.0150847493906412,0.43637743966972,-0.809161248126067,0.50414398557194,0.343747692149353,0.301232781978105,0.802736829491611,0.413859036666718,0.653794813555832,0.673220585947524,0.254440120261332,-0.396303841906038,0.228822230004428,0.339582315571992,-0.129755473652004,-0.743275888955099,1.36591075306956,0.484171369281379,-0.0663359266236147,-0.48508302494598,1.60310085784832,-0.233806723300433,1.12877999585005,0.347904278476583,1.11201795142718,1.43489050819764,1.03331167900926,1.31046753642926,0.656368880321993,0.471187431574741,1.01471942087386,-0.595349621081247,-0.823330186053148,0.320939806968374,0.167831566451619,0.0969690988362664,0.703464734790252,-0.603226838741689,0.482253056179981,0.580501522335762,0.784838190320963,-0.261916219697289,0.496128195857683,-0.445617723951973
-0.110906013281699,-0.214052524145701,0.181498315053101,0.835119396737233,0.890858923908927,-0.476449060824304,0.0788261190402404,0.262853252593152,1.2408451606909,0.606270534092965,0.274300106587005,0.0812517632269188,-0.16344719841316,0.314008181151357,0.0963828752301306,0.550803193798705,0.924003037247595,-0.177849077615816,1.35444604647055,-0.169496579063164,1.49670008884148,0.572253603727579,-0.630066839615632,1.17222839343128,0.369031520188694,0.0435560990526455,-0.293460417721508,-0.676237567476329,0.0449069384832422,0.304165902630053,-0.161628008677047,0.548866130726468,-0.175278231131398,0.246147230606161,-0.654942466260203,-0.390003616421433,-0.268863214355286,1.18567219003926,-0.810697004727271,1.1530478117749,0.341932392858814,0.594789080829115,-0.474283855334254,-0.457565330893802,-0.410125585467641,-0.22611052590744,-0.304424986682475,-0.511769918477541,-0.416108702670687,1.00234772829176,0.132885511325579,0.36514330985278,-0.182613998928132,0.434504297447314,-0.0483236594695629,0.19581148714995,-0.18121170884295,-0.541119975878756,-0.374256968750831,-0.464929221056531,0.127805615538705,0.749121719947658,0.783349638089097,0.300930194101484,-0.196341113021049,1.29865844437552,0.738301257565702,-0.0603577773452015,1.71921479641401,0.0692541929305625,0.84732101679746,-0.952591948656741,1.01542125838522,-0.256225737241338,-0.252714531729038,1.0689256869822,0.220608008309337,0.620167267984955,-0.170265652194332,0.723875850564321,-0.566587651808282,-0.227387743680768,0.497260632088627,0.831684547782333,-0.576049008610368,0.399080615979895,0.420839576170496,0.431419474440727,0.460383766340325,0.667447582112859,-0.229777507965162,1.07112062111943,0.167676418540435,-0.822908965556247,1.07077264234188,0.376632984597427,1.01355050666256,1.0089407450065,-0.40374846112627,0.246076207725391,0.191704789728177,0.22481119621045,-0.0310712044276402,-0.151463492049304,0.00763469550011089,0.372628223996721,0.571482902583437,0.781906854966324,-0.22561076242643,-0.220588354109508,0.516214767369451,-0.119515658784613,0.877829514649509,-0.930965287510695,0.158179960120581,0.0325448447590852,-0.500298361285485,-0.0873260717820159,0.588537752058317,-0.601512808445714,0.00351376931827016,0.175372633050342,0.659002774361146,1.24831862042983,-0.270351265013182,-0.495504004327932,0.886844626157865,1.27566634528406,0.458241289070379,-0.307436725635425,-0.107565818696338,-0.590342321830681,0.538494231308491,0.773617328936606,-0.194478663048607,1.0505531972204,1.79895645519683,0.109841313952846,-0.308444753530173,0.356361718272463,0.6379388830013,-0.0298032494828512,0.454742158511156,0.463166145121063,1.03325747713531,-0.200337514581041,-0.16205134897259,0.190718174014382,0.53628246637629,0.31306349752414,0.0108578950807219,-0.0926347202976042,-0.00150555776243932,-0.477381757497818,0.530743960469235,-0.343985265943097,0.539445936582503,1.64162156303511,-0.137122221913113,-0.281036685595386,0.163281500974265,-0.59867582448673,0.041773849856084,0.366884070293115,0.32327519546221,-0.264805338068934,0.532612751595123,0.89737829900879
0.502251632496681,0.754976030225919,0.171194262943709,0.394930677923337,-0.0446279542837627,1.50242362555251,1.19934505431041,0.683767877853367,0.441995901317761,-0.609296662457013,1.17503375195075,-1.18877236458165,-0.159759179346772,0.832008603076587,-0.590088019308413,0.76289017860742,-0.490318772134555,0.858145143288951,-0.305490511758287,1.04487977675104,-0.15613463969907,0.676710125524152,0.50366672546666,0.858009122410325,0.661585890534522,-0.734883129503427,1.15269752464526,-0.819249600358503,-0.195126274589709,1.53395818287592,0.553735015665407,-1.13101245466896,0.514839467817337,2.06509950749698,-0.81194910961339,1.0485413303803,0.472465068425728,0.283892150637088,-0.772734085652923,1.12661682249117,1.99069848543285,0.780721351072545,0.143265764531323,0.0976872317083642,-0.999875588705645,-1.20584443988375,1.42854124203504,0.437048975283337,0.443569821493589,0.219753309674511,1.63203042101366,0.251281776450972,-0.621552698501044,-0.246712696509122,0.366225482780058,0.839193675115412,0.609870435099743,0.593076593525541,2.07472165407485,0.719664983209271,-0.166012548522079,1.2701066924625,0.795044938299997,-0.154435259273188,-0.415192181499845,0.384905417684313,2.27034456683019,1.06304994933122,0.93032671963949,0.486174800255877,0.0803423459710472,0.850044264957909,1.42147744343183,1.75935136423388,-0.664791614221713,0.464632134309221,0.230623010722815,-0.285734722017542,1.47570717146018,-0.064411120364161,-0.191127008404097,0.15914887020606,-0.333270432471344,-1.05727771337822,-0.515787021096753,-0.885772176859107,-0.414704236229248,0.443469774131623,1.21863844940398,-0.0355606946579887,1.36064665193881,0.831586643848399,1.41586054695052,-0.125361354518856,-0.0428981471448887,0.600897876747901,-0.63982682294205,-0.57130937437378,0.0683277130991116,-0.137984912435861,1.96929152458701,-0.641627382555553,1.44775456190385,-0.41720744406405,-0.604559661336011,0.0470548417655585,-2.07476948911205,-0.276017252794604,-0.996524697105885,1.26344715580007,0.0420499360379119,0.960189796621241,0.401040044135026,-1.63894319524912,1.09225898049643,-0.530693275708072,1.69593002720111,0.989108654946853,0.392762384178636,-1.14742343617283,1.00887321321453,0.171325046643472,-0.474025719347768,-0.725865279886001,-0.250234050409518,-0.818519857363913,1.19846060314001,0.337499212931998,-0.606403589272314,0.948619216370339,-0.880892350391673,0.0497975547863937,1.40036545462755,0.78077088290571,-0.0555796025197471,-0.677811980204298,1.73506745977898,0.951345208234125,-1.53417014468788,0.913478086305537,1.56379266483849,-1.33783353954434,-0.838500759755393,0.936787361197354,-0.157872703498556,0.997894927171843,-1.00136268252839,1.70426681932265,1.52801840909958,1.63437685770713,-1.31138744931346,0.31065133178836,-0.667894025479063,0.0562014970368372,0.641935897055703,0.443627161017097,0.626948589714181,0.575509626917426,-0.721510385915992,1.06463555499415,0.54981116543419,0.212867850040031,0.10089274242299,-0.22747589255121,0.357711745697381,-0.254994055603548,0.434306417926236,-0.581351326847232
-0.195199207070829,0.497553338717645,0.289099343006965,-0.0847405493780899,0.225286529304007,1.17566848186166,-0.174442813740509,0.210337554881144,0.590143807128222,1.09364132367246,0.936874757209988,0.56262274592385,0.541587770701277,0.97122735565365,-0.346059090988195,0.0698473058883953,-0.558860820714779,-0.14009169477482,-0.25408695455992,-0.26152503121311,0.0553785004007429,0.229712950615243,-0.0467677921902354,0.808832829649677,0.6666638343079,-0.0680645334146873,0.318818272929482,0.431917023197717,0.169142112188401,-1.07074116916145,0.403435616122421,0.178337171763959,-0.783821081165631,-0.183082126534247,-0.0975595315520367,-0.117631250037954,-0.439451756393518,0.157103642389534,0.433390255509199,0.238710875329202,0.665690053692061,0.33410624689323,0.228081004711217,0.794260246820592,0.626945075666855,0.729714769797217,0.19990856767628,0.988406432350821,0.0282609852342074,-0.134953316430586,-0.383764659929219,0.310257895739039,0.531131028215071,-0.136392062480707,0.0495480305853337,-0.714136587725301,-0.138486410556312,0.284237692353421,0.429726880282765,1.07080308787578,-0.61181211763747,-0.359235967084009,0.641290704663387,0.321686419864514,0.395225037056359,-0.231872588545211,-0.165361822540481,-0.233109143780428,0.21418569435189,0.249271854969844,0.660048224852039,0.268793876752508,0.913114046866915,0.237955330058104,-0.205301495822788,0.627266651648992,0.508180963103939,0.755845852623024,-0.645561044787269,0.479463821724623,-0.120535404236114,0.846443077793471,-0.187553087272057,0.644098207052249,0.0211388879146414,0.381795909552436,-0.506544438134752,-0.341015832906876,0.440482114654446,0.255845047288719,-0.605301680905399,-0.388006779456492,0.477145999429414,0.00999377325644149,-1.03013924499881,-0.273815384657171,0.972767841069094,0.619093154669641,0.824652311141335,0.438918476479312,0.129626205026632,0.190831327606674,-0.326703698187822,-0.0677195589870766,0.112227325526536,-0.102951477406158,-0.337712207810844,-0.363387830095375,0.846527508943358,-0.407840760736927,-0.132772941236991,0.41378519931301,0.6756320077821,0.444965906701679,-0.334279252352446,-0.0193293866051861,-0.498494812102189,0.129164945101914,0.00880738457403948,-0.23782216548312,0.443042892569226,0.47047285827667,0.388121430026422,0.774996958150956,0.882212714135877,0.712352903659824,-0.468895372971795,-0.187619108816915,0.0326499312634267,-0.229461339731197,0.0750461884998964,0.491107156024654,-0.0261559509524355,-0.392181800212839,-0.0609384600407132,0.715494952749696,-0.0640332114173974,0.105916625737893,0.421575015241198,0.338587641047539,-0.221045305994926,1.39659237407664,0.0422644972173888,0.0973767829993077,-0.0688659891435751,-0.134985975511172,-0.309629193689431,-0.788596256791287,0.373927378662988,-0.9554115052811,0.927919896701012,0.18865697213885,-0.570061398672754,0.561248733608654,-0.291580301175547,0.361739779565389,-0.232915599035973,-0.057857845182082,-0.0372948025127451,-0.133730564533158,0.272406527531536,0.0898075500155979,1.13853801076272,0.697117641436785,-0.246353186561198,0.234046449019356,-0.72271344097356,1.22927350966773
-0.180776920636875,-1.21272503404615,0.583699487192911,-0.653483853875761,0.023988248403791,0.327007925969831,-0.127501958934233,0.567919481479135,1.22044078633519,-0.0698913445333233,0.0316685989226202,0.137780872302461,-0.520427837288592,-0.326815365755038,-0.0304967565036074,1.10046065536481,0.936966419824677,-0.483817056442439,0.226527060570651,0.150928087219173,0.517232020094351,0.785042735674552,1.47499486064173,0.37700601345562,0.934553128246328,-0.764097279386388,0.710233606498424,-0.0723806589362819,-0.166290384395871,-0.0678173721179792,0.250828396911064,-0.0435414121287524,0.473684401434817,-0.219315380133689,-0.523318442045922,-0.412525327109352,0.348485954691457,0.370843562137697,0.553314022010371,0.770301285151377,0.0140202912091811,0.755158921516364,-0.498679296093491,0.661046302311659,-0.756658597616487,-1.43269815088273,0.379175628283811,-0.106739365272612,-0.641281409957212,1.07537684863862,0.697554534385865,0.892323356703816,-0.701495029048252,0.381767864064983,-0.905273059027291,0.163626728635341,0.418837358480433,0.879670059066266,0.303410365867265,0.405828030325053,1.99853884191641,0.91909708187967,0.0423924985239672,0.488263639494623,0.442222185947813,1.57770586518247,0.0433501850606637,-1.52394974395055,0.773028052782751,1.35147699508206,0.110378247762411,0.317808329783758,0.349550939247795,0.430258700510469,1.37307320446703,0.861573984190144,-1.23653291668112,0.780005467025515,0.478698011099329,-0.150416711947042,-1.14479730237828,-0.121690836729372,1.56727035888083,0.528603908270425,0.826546202032472,0.513151247206225,-0.654339896867926,0.386837858617654,0.0437597708660018,1.95157873563283,0.0586812846069737,0.124635080881761,1.06137337180575,0.193541894501391,0.0521399590591058,0.969295555071348,0.8981629097698,-1.04544117521859,0.202784394892527,0.315851949091958,-0.544662073260342,0.220348278218988,-1.10993417683369,-0.49461966959847,0.265650871786151,-0.287674806335266,-0.0771051617926171,-0.0712829632309695,1.16763108860448,1.4503039845816,-0.645315290879607,-0.494040378114613,1.24284870056122,-0.704877249455328,-0.133665707567065,-0.0843229000633199,-0.866490231893988,-0.270940061054333,0.340685712054275,1.38091146542064,0.338939184567593,-1.33179706638955,0.581461577808351,-0.622997441450003,-1.10514277239869,-0.191233064173518,-1.19493498419476,1.46876137919813,-0.165758160091011,0.0239438248727988,1.22972388683485,-0.551393428976609,-0.336395756412118,-0.562805910083295,-0.211993314952822,-0.539181479020647,1.32522852565045,0.161192444575174,0.255652238740104,0.303996161838028,0.328519704167849,-1.01499499037301,0.268852456496611,-0.91441606602505,-0.768557861674879,-1.70571199359324,-0.75752369254787,0.778330045924808,-1.31178878987289,0.72607966964381,0.59417079405952,0.492861564496355,0.476366600193394,-1.93827293697055,1.77784329787433,-1.20770811188352,0.186906732878644,0.571440000528931,0.797264263208358,0.353568864840052,1.45996507593824,-0.829016162577639,-0.793556751400355,0.558671354257921,0.535910578658981,-0.861371817456924,-1.07085228528662,0.512405393427144
0.297967593513058,0.45490201426877,1.07358810270957,-0.502774962555887,0.830970537147273,-0.188656989471383,-0.0896149695027325,-0.0418370255347367,-0.314890323766031,0.129828466240703,0.0612440463958346,-0.140536440282718,-0.0505441811826517,-0.193677661570931,0.424951604569996,-0.358888004482769,-0.0664144890936696,0.520659720134062,-0.103139914935558,0.604190641852926,0.232329022825992,-0.582377008954965,0.614276110995834,-0.552892867065092,-0.211031978621551,0.0120379618463015,-0.0937545164205688,-0.346527150196295,1.43528522660048,0.0978167491511388,0.9480139331777,0.710583397880424,0.618301463481039,0.151633536360632,0.370927819461297,0.529379126440665,-0.128805725573644,0.407184981046855,0.141549364893248,0.565866327097562,0.703890479066698,0.220880333349047,0.10190656273718,0.152812373257508,-0.0342952410098366,-0.254158539712903,-0.426529358894183,0.395473679853853,1.0490452536067,0.107636143749682,-0.00653509546832651,0.279670949012771,-0.27427426845506,0.183999842244752,-0.3686249164785,0.44033843949431,0.617543559852239,0.0581844887341717,-0.304165581846855,-0.243817861940449,0.360727982447938,-0.0361876311629118,0.324222500006902,-0.518664924132281,0.156568071757742,0.362857249162971,-0.25165950541025,0.378486683996008,-0.707097498539473,0.65971678085115,-0.309704014348442,-0.430363258373412,-0.120771498330391,0.104727575124437,0.244998686946415,-0.124341821853834,0.348352813446574,0.0534310983349462,0.81829928143992,0.224897271541759,0.506939202428935,0.613936500726275,0.0462861498126393,0.356620420660998,0.563488764799796,0.514245170158585,-0.281066722651043,-0.0588912802329253,0.193704414796383,-0.144916139030948,-0.553800691882522,-0.0817380079248073,0.0487206247521079,-0.228060946598021,0.131725457764638,0.565269586686534,-0.267047913094249,0.160803094482676,0.358475226988525,-0.057704966660645,0.732685772922301,0.0344557679321685,-0.308498274810503,-0.136387247593438,-0.426661059993727,0.185633740269743,0.700384716980155,1.14036822183391,-0.142481420438111,-0.176614782090229,-0.34749021003589,0.091163603579777,-0.204667611002998,-0.651141488444071,-0.222982647952267,-0.0562468096070586,-0.0275150790859577,0.562294907763432,0.319686335178727,-0.0543168348171281,-0.394088035212162,0.643878105335525,0.567130445832442,-0.0855165701728832,0.938617783034211,-0.35737273090187,0.441455821019834,0.786557603397851,-0.841584366557843,0.444183614092242,-0.28340537090454,0.610279884381914,-0.227848893117591,0.424691743226423,-0.152403801699312,-0.0165408189283488,0.719429071947255,-0.382748866475405,-0.0988210610730401,-0.145226888862749,0.217919374489269,0.434664177321965,0.492386685293843,-0.0402716670605232,-0.173168888621719,0.863331079490595,-0.429264874145291,0.828147805961095,1.08231537514492,-0.159826912052969,-0.212962906753971,-0.751977950134501,1.24249356161534,0.044712406953677,-0.123988589574557,0.785378878794409,-0.00898329372510348,0.486353650282565,0.594950151170394,-0.147584603700439,-0.599713942733642,-0.417241115144507,0.382635909719886,0.446688442204031,0.185128307800782,0.746951969540887,0.657751810142767,-0.0397723639290064
-0.403228782570381,1.69790599110904,0.883912103466484,1.18309491402057,0.537159459056459,0.224899753311137,-0.497724188050873,-0.15627357934815,0.537091353586008,1.13500682829193,0.589937978812479,1.23609878522596,-0.574224108159961,-0.0909236622616139,-0.210902193195699,0.131564645514775,-0.0471937233597303,-1.087733601813,1.2752386619581,0.98931447558642,0.43978070850469,-0.122174546216132,-0.0311539559880455,-0.443613671185099,1.16571520705031,-1.12087515560787,1.17209389012634,1.85135528074041,0.82958430068099,1.33135747869316,0.173233898950553,1.56074236350446,1.13168048565803,-0.3516778931917,-0.656425304682112,-0.2731452348114,1.90876270814394,0.672875051484117,-0.200141682154437,1.04217561631257,0.413275235952985,1.07214940015609,0.717987082132921,-0.839441878087977,0.348130209664117,1.08728224558468,0.922376432624518,0.250833124924332,-0.165667649208022,-1.37670707076258,0.1029002546376,-0.172954899996614,-0.433087596279536,-0.886744741583763,-0.808465834475486,0.645833605069212,1.38964433920183,1.27011143298846,0.0249455727974706,0.617789274606997,2.71933076451443,0.00872866153495838,0.41173889225146,1.22744051030508,1.42323303929088,-0.822570136169959,0.753221984852792,0.0207774145036463,0.957073459310121,-0.634211348550033,-0.0516259387039908,0.857929135610202,1.25306057045826,0.743935473675236,-0.263947805711365,0.814672342226599,0.230363510335335,1.03786326495927,-0.155335811170398,1.06337203502449,-0.704127709556331,-0.793593253742069,-0.121401004363592,-0.491831759289345,0.343601782468003,-0.085128231985023,-0.498540809789397,-0.595823023799351,-2.11771641675474,0.463309557324412,-0.123596166879027,0.00736751610999214,0.60936389467036,-0.285822685441113,0.637779794862663,-0.85793379948908,0.696086365176544,0.129027064293498,-0.223600137444675,-0.2590891663337,0.129186002836781,2.02458516220065,0.375750237152049,-0.0570179992847126,0.250127999611285,-0.396664400954413,-1.22234585141736,0.839066303797324,0.168148362211575,0.31651872130503,-0.457918940688545,0.385025015202909,0.768570134930844,-1.47579355439938,0.754179413627539,0.399263213455036,1.29451272632809,0.844586211502424,1.15499966771298,0.410776554936143,-1.4132050848992,0.997997636084055,0.0754274513208739,1.22317689209239,-3.18470412818406e-05,-0.0505158751865039,1.72510658513387,-0.257783430031937,1.10382662956508,-0.00123346496521948,0.635441652269893,0.786379303442411,0.483663578187294,1.37239062728887,0.477343213462651,0.828710960212951,1.03869055533735,0.746759242128314,0.705805111857017,0.312451842412332,-0.563867252156593,0.240869062166135,0.567084529212944,-0.174375188890677,0.209161298153151,1.5817374494611,0.721935042833535,1.36715909131034,-0.136815941191802,-0.442101942576484,1.89085777454271,-0.215041154313252,1.24603376306204,1.16728086034589,0.683113995862745,0.8928177642798,0.13022564235596,-0.875982418233245,-0.296133648510006,-0.54566318901402,-0.141081465430821,0.579411501518105,1.0418140353844,1.51365666697056,0.445937373902508,0.979773440497152,1.26679953344863,0.668717569182147
0.0421382991304645,0.440164965710623,1.19424743854221,1.60478593784126,-0.362280451280416,0.954691467328252,0.348864277539073,0.196279822323818,0.408897365998602,0.8178920226057,0.522525076306342,-1.2062897914398,-1.70930325716175,-0.0937609132728025,1.60739139946731,-1.62361178275956,-0.332807649140774,0.0706754364575646,0.120494585728786,-0.694005490628868,1.61766868974475,1.66933307472101,0.400939965508945,-0.713052331145495,1.07274886069979,0.492718822236426,0.201360800395456,-1.46457211074083,-0.987517308240777,-1.12381629781441,0.0898956465967587,-0.424808475232162,2.00525782041028,-0.470840434678628,0.910853871556371,0.440442624774922,-0.271081114715331,0.394942289831667,-1.30923794258516,0.921555934740377,-0.620973782506428,0.198211525663611,0.000131018075842038,1.64680362717047,1.9341905871687,0.213646137675112,-1.21910983960641,-0.125340145903965,0.932007943902829,1.88949085123438,-1.30028577205943,-0.116700718363157,0.893854065707597,1.25257756316645,-0.0438926034151339,-1.22856497484278,-0.00408062953260965,1.08585543907984,0.341132866555341,-1.19238931461327,2.45868912622062,0.633155400286594,0.0478039785167135,0.570198025714718,-1.10350503357376,-1.81471304774426,-1.84188077835721,-1.02393810195653,0.935338209149105,0.0823822992025663,1.48879292249982,-0.739542335186596,-1.18028715611541,0.875716696409209,-0.141047497313668,1.4821850669522,-0.3947196164331,-2.24270831751028,0.506489776364734,-0.302598804065161,-0.0886373306556854,1.37790875073635,0.872202912779621,1.31894817016886,0.313044640003309,0.154954848910602,-0.123145723690822,0.476673587348194,0.75541005341228,0.428546199354303,-0.0479508698145784,0.682281781196761,-0.542774015405489,0.479329932017164,1.22121017511518,-1.01095236814163,1.0467780521855,-0.0912558029079881,1.35763311272363,-0.296724748797691,-1.70566997479019,0.683374702177033,-0.963680896396061,-0.382645875008035,2.09219687509731,1.66244682156568,-0.782883906722382,-1.30575856023359,1.65656638765268,0.27988047528267,0.247249704975726,0.392581792550163,-0.0515587038103995,3.18614307580138,0.154552484947584,1.2478323335759,0.448159937860005,-0.103860293414899,0.503694176081613,0.465626751123285,2.33132890885469,-0.153886842546887,0.663411322743279,-0.519589879853157,-0.013341586281902,-1.01209811317757,0.559476632111436,-0.892402579608574,0.472078349260712,0.226794333369542,-0.2694100193218,0.619057204110416,0.492873224746409,1.02834875176538,0.705195774873891,0.153435233946404,1.14719584477923,0.573086885205196,1.54264549041842,-0.835788639224099,-0.181483065885283,0.28532227433759,0.244982998982676,1.12128321022057,1.14449637992099,0.232258195772003,0.578719026617979,1.49506513226547,-0.43982439358768,0.281129990359747,-0.142006103423891,-1.52456147844422,0.216892878014616,-1.37072019083993,0.467232108574602,-0.290637199494846,0.594155821053946,0.430076059156955,0.129858811325981,-1.23603405192922,0.458138352651268,1.14127451681515,2.66724586697781,-1.39991166984645,-2.06845635219923,1.70284695421374,0.728513692023701,1.27022584019242
-0.413824758325849,1.17711762508025,-0.170695680299359,-0.0228030661912645,0.213818735956254,0.419123401345106,-0.304037276665218,1.73297512167591,2.51907872365626,0.107187909325895,0.0968789978324864,-1.57507436638435,1.13201276605774,1.52235928151964,0.914538097402712,-0.253045653268827,0.104208992634975,-0.0761479727784474,-0.630036787480826,-0.809030508822359,0.865551985625453,0.446902088007679,-0.152480211407442,0.215772452622855,1.44251580687244,-1.31812301788733,0.0957421329350379,1.45468757487474,1.45492673107111,-0.788795659925781,0.12720596435798,0.0867486500870803,-1.03979338593513,-0.168483466128535,1.07402139714584,1.54463126967938,0.241186515728487,0.612209122770008,0.686902229803145,0.197276744856674,-0.75293713627783,-0.158711800883575,0.828587341610304,-1.68104533160885,-1.42082152294899,-0.18511686929798,-0.413607579909265,-0.299298916603901,0.819623545375538,-1.08395381207598,0.607375051038554,-1.29189867415085,0.522518788773666,-0.46229808032333,0.0194046890683066,1.29553773312596,0.438555402101482,0.561971419742268,-0.573528905154808,0.0509832962318381,-1.70657823221638,-0.767890392068077,-0.194254846795918,0.426900477658042,-0.00532786185620848,0.157524845710946,-0.0272947676972079,-0.486219924907853,0.652360012627982,1.57325214014061,0.3411242869158,0.288971015400815,0.394822465451447,0.282263399424088,-0.524017347949489,0.750643276017942,0.583784267761603,1.3463812779753,-0.977723444435907,0.947881381227633,0.633452396499684,-0.447633680689012,-0.431901888487768,1.10357381634425,2.07524505963871,-0.115170047597608,0.34477655959016,-0.424793988333695,0.904163157925837,0.100182340831365,0.253370157576051,0.393007623156524,0.433739915255874,-1.12731660460131,-0.861906195090266,0.752505519283334,1.21470454172004,-0.0321348216620761,0.888792096502961,1.54607783435476,-0.884899490694627,0.687933676452686,0.673835560936308,1.13531758151687,1.84363957311768,0.177718894379722,0.0213231429807134,1.61334508908158,0.0684293753701717,0.301972874827238,-0.377952486812582,0.999887648945916,1.46064605340267,-0.255625132140067,-0.797928792231808,0.221052122275074,0.337765530206326,1.27445791310734,-0.285898934142023,1.86653007767233,1.14310102548799,0.679983308488205,2.94426468424738,0.48288206877448,-0.93346502748023,0.850488758281621,0.524384261732177,-0.451560805834101,0.128310159467777,1.16868277361434,0.465249352931699,0.741798784611086,0.569895946292109,-0.253438815879441,-0.288535880986382,1.52513824453747,-0.299223974585761,1.13192766736541,-0.812854538967251,0.620394294414303,0.147273451763438,0.14441076200561,-0.028136776287605,-1.41991469209269,0.18698919351126,0.474643925829301,-0.242038647945297,0.907016657891438,0.647484110932927,1.14901751002717,0.921205832650676,-0.267824590631389,-0.729390364613466,0.426187833568998,0.207021161823898,-1.49399588520633,0.574228477313458,0.437067775496144,1.23744193715553,0.7329655161131,-0.944132789219406,1.66725584348361,-0.97504914051805,0.48655487556751,-0.307570320476006,1.20229174812373,-1.1718153979423,-0.835629996865631
-1.32279610397929,0.283018066515001,-0.103426568114515,1.22173917715359,1.38398476928312,-0.0458231527649779,-0.212304469976776,-1.02476009664147,-0.132089977674528,-0.32861600162539,1.65916731021579,-0.142926657899036,0.218960146562912,-1.16739200071936,0.850530277328062,-0.514188130319516,0.182388928652732,-1.05762019110995,2.23991984289452,-0.021808572682312,-0.327404195702327,-0.16147801846059,-1.95339196909084,-1.97741013665578,-0.639384579542824,0.0269829459752435,0.207904830668897,-0.651181987249951,0.156020915365083,-0.715484934579969,-0.146744400060282,0.334166496154838,1.19345442479289,0.0114861789367703,0.381132259452894,0.449364617970715,0.890187772238024,1.69779504365203,-0.397914804239112,-0.795440110282403,-0.53007458527653,-0.95886243717012,0.585600044927862,-1.83498074172502,0.44729638399155,0.236613490233097,-0.562721161016148,-0.0411925283672264,0.597765857695788,0.409354925386991,-0.652358112513847,0.365368495458104,-0.0493132643090981,0.72916426441959,2.07598495205934,0.847348068641151,-0.141961620294809,0.00932610180817739,0.296740877286599,-0.137418225994222,-0.537359281233522,-0.05564989470605,-1.07096722141312,-0.0864937864788814,0.0432155675163211,-0.862629171360259,-0.647783152772586,0.782107017544741,0.0683913075223903,-0.324812429853719,0.584440928966059,-0.634874677221109,-0.486633537331186,0.968981210111922,0.504514626670778,0.496534595384929,0.540117453996198,-0.124278184812807,-0.421356435737943,-1.13247728734151,0.834777683959319,-0.71828039328931,0.132146801165427,-0.233155836052214,1.36241870296577,1.50605002848689,-0.309351198699981,-0.645153100316674,-1.29299977379201,-0.0430745331535337,0.274457740572465,0.0209935671845338,-2.18474193666362,-0.40602582309976,-0.790051723920137,0.198185870172666,0.0117088990515362,1.05446021180303,0.891721526718651,0.565793354765593,-0.318826294227571,0.902309765731784,-0.191485476780857,-0.0373698797550215,1.76179783298633,-1.16732448583322,0.784467641593834,1.42400787014549,0.449419056223983,0.651098861103957,0.426778850562967,2.70330071070201,0.0791183644141404,0.0137829275275905,0.721655882935496,1.14449007978521,1.1090680176373,-0.145896125263638,-0.81684773811618,-0.822625457418978,0.438729572872914,1.03458661649633,-0.879155577062083,0.729513204350349,0.198812888995565,0.920362294486136,0.938515824648749,1.26197348305881,0.901798972871521,-1.185900221113,-0.3985768540089,0.970130241767227,-0.285944399365663,-0.208163299954576,0.28740352762058,0.462572339933937,0.692569070588183,-1.00015176876536,1.17948703708906,-0.561121814924814,0.166779081608223,-0.631967350049504,0.195994015022515,0.0754897503812197,-1.01113528999638,-0.209125783384973,0.57185710175412,0.949545430579717,0.249510345554697,-0.501313163303608,-1.62020051297939,2.17336261732531,0.316262868849556,0.270393805371081,-0.0754649633717335,0.155525992876282,0.743815438691775,-0.629181001917804,1.47479862349293,-0.129337801491545,0.00530326509902099,0.935119562520253,-0.651028824730414,0.831372291500171,-0.861477044599566,-0.943663638016853,0.303555983714218,-0.525940642816516
2.08439912000327,0.167145474679688,0.306218245676223,1.18564112749328,-0.413385881797795,1.1555661802748,-0.032795971057687,0.135293789416645,0.0633949936706311,0.248252597691828,0.419276012995074,1.37168643673926,1.39119559200372,-0.603184920594017,0.57879739216865,0.496673237089818,0.517461034635021,0.626588803878176,-0.121215271670894,0.74302731279902,-0.447821775102439,-0.426963083171721,1.39972577107535,-0.140986009012312,0.402315310849477,0.564084928542734,-0.812009814022121,1.31461158199049,1.04908486592647,0.899219671344232,0.759893527268026,1.35188357341712,1.42492953765069,-0.531840662818323,0.0938569507937863,-0.248318999179803,0.683435381797189,0.570345316702531,-0.0948941610344748,1.58339599260907,-0.876636335612936,0.0671706248249539,-0.200486781787159,-0.307810337003354,-0.402241634229695,0.182575683836872,0.829555253628833,-0.271808800269056,0.901205050666829,0.20399959311567,0.425318334355906,-0.581691380552152,0.955761778832152,-0.204249262793597,-0.327481288319151,0.141570103704131,0.727278858422084,1.84602626413317,0.293701681237001,0.22336162897414,1.68536858467924,-0.133731207964844,0.0716244583870125,-0.180737874032205,0.402893959290817,-0.181494249162922,0.557779170020403,-0.061165394312179,0.211662779408397,0.58083179175707,0.339111000535874,0.662940901712002,0.515679973586763,-0.814022096243023,0.894077036388362,0.0992660419002933,-0.223744672949708,0.475775696643199,0.529419097596557,-0.153170468718147,2.23024156109119,0.282087207745227,1.19039566119177,0.385446863372575,0.609255193167796,0.521128905576443,0.141719631079069,1.2893101844968,-0.218239929513452,0.556863219080524,-0.103915359837779,0.829062754921813,0.625400768527478,-0.415372128898158,-0.492158270344565,1.11027481651045,-0.106341490667266,1.35019880789916,1.42998395662809,0.225940945356939,0.406575891868673,0.326480276207446,-0.749578475811568,0.0826590219320558,0.715700036462647,0.882731274645891,-1.39040046787496,0.97947132652902,1.30431987043441,1.35295655846609,-0.147028290032485,-0.00882927297388553,1.2332111517333,0.0623095707789556,1.0850087452824,0.522425015126543,0.456610426550225,-0.00203159709766482,0.0306850962861474,1.1556998207198,0.468632263338018,0.191916480360893,0.343931389526782,0.471122776527694,0.211407644990377,1.19249862946018,0.787284532199442,1.16462302922653,0.903339254307726,0.989101549842536,1.37407719314988,0.25436061307639,0.490353793054182,1.29498746089629,-0.516797386700801,1.04175124928138,-0.510476816845567,1.13095617355108,0.353210610115915,0.0145508377704559,-0.194425369865721,0.307054403331784,0.642250996645475,0.0664683548852281,-0.0165482014797768,1.37284600640921,1.50389687240337,0.497036468863451,-0.422928058392629,-0.555473144611684,-0.448970557537593,-0.785426248304625,0.482641499461851,-0.336281004604524,0.250905708877082,0.0878313544580536,0.131887435316169,-0.516946120195628,0.740808620765459,-0.217384176530356,-0.414276806565442,-0.513167353462847,-0.536558350578904,-0.177375472927648,2.04273646721645,0.11693016904668,0.117589545194075,0.122530767452402
0.599789597028182,0.0218804999262465,-0.741118256364563,0.409298086454035,0.255614733823393,0.865912545362363,0.0343847768834402,0.633811059187823,0.362176480798687,1.11844225673885,-0.493214424864448,0.723447240156384,0.243773891014456,-0.086053895682641,0.347885997579015,-0.673649071766364,1.09270059386443,-0.107004486659561,0.504803426124922,-0.738033486803675,0.194070001478516,0.572624091995668,-0.261175821697341,-0.786526453448018,-0.0296531669865096,1.64902074931039,-0.521544392985781,0.877286715933943,0.677860158522554,0.644988135854422,-0.0650012870727895,0.0637925595151934,-0.618382945724413,0.0129359976165874,0.187622331049824,-0.385943408647836,-0.949933500469713,1.00238309799703,-0.89894594796121,0.658669384658216,-0.622275041921011,0.584666088780526,0.292754780314415,0.779927333551615,-1.03877767665703,0.566575459698736,-0.178940168980001,0.159210057910805,0.137827585755872,-0.404595421598479,0.398402048532828,-1.24594229024916,0.793282002588851,0.467227949714992,-0.377347057572771,-0.230000377090155,0.319967616316036,0.835873183841919,1.33660587968664,-0.120810312375691,-0.18231405104665,-0.901572798891545,0.00838639792159807,-0.0862666082423953,0.327400056926285,1.2996074725855,0.0563523804268379,0.812500011425779,0.66302690389514,0.562672798529676,0.610408168423751,0.281938095626305,0.651265204368985,-0.657417245545974,0.404703893905747,-1.3590562922509,1.11491862066285,-0.0016515073455588,-0.804082669194468,0.36628497625527,1.3144388673703,-0.502028943895884,0.337436543659258,0.854622147949705,0.866256293010426,1.15403946616125,0.615992566592452,0.355346932008248,0.837890763995075,1.18841923142339,-0.213089432530511,-0.414038274798569,0.296201132427907,0.271175700801198,1.36632600123384,0.73131734517176,-0.968315982505966,0.387236789882236,-0.0979493992063672,-1.05030107539098,-0.277905561430268,0.600762839658053,-0.269469816753876,1.64662391810146,0.603108713055316,0.37808026163485,0.326964983650222,1.20962453271247,1.83894054523899,-0.662799937241163,0.270625744118039,-0.121107250305073,0.267022411771605,0.495758367106297,0.871119356014033,0.532963709671777,0.16914027780776,-0.439313032409734,1.02623575529228,-0.305150276888685,-0.602199630475137,-0.201493548345918,-0.115359466981853,-0.0594495748877963,0.0690515754679906,0.505536131685437,0.806590798885395,0.0682129373887707,0.548342819136696,-0.485120424480805,0.540895235213164,1.01478207664757,0.118650208120492,-0.329017740049103,1.23785156678195,0.191941056622965,-0.580005770188554,-0.345425818810322,1.13292530260053,0.666514663663042,-0.138938933438651,1.33022841857781,0.457137523415364,0.557115932029521,0.488024337480337,0.24132319000618,0.297552035289947,0.934101622317572,0.404825471304953,0.193714905707819,1.50883550256101,-0.250696745579559,-0.175660915807579,0.438920429004902,1.45872695842414,-0.0123914299364386,-0.120903314912354,-0.644425343583054,1.38941203927193,-0.488835469742315,0.45503443822609,-0.988577714616854,0.221325745497981,-0.511905284749167,-0.704997370902494,0.500517685517189,0.144477870506429,0.365697824145815
1.67265943725315,0.194272735991798,0.924730723156684,0.366158043573545,1.09308421404206,0.39612924271638,0.0564074247021599,0.296042373668742,0.90617365801408,-1.13739606523085,-1.50198079837288,0.101927047175749,-0.722481614398165,0.522697025852299,1.55092225238489,0.563994695091207,-0.141356870955056,0.074910372820152,0.0130293601018968,0.0446924851922249,0.69121646093489,0.473749893865887,1.35061500823563,-0.285637531199235,0.710722686481972,0.577521824333175,0.43563223226281,-0.272560943150138,1.5514304195971,-0.374865152272437,-0.0229536615361863,0.823737891452323,0.2807264386521,0.792695646090264,0.151535771396837,0.567637447069454,-0.257477410536668,0.192348827802701,0.110658178847562,1.25678365688972,0.768259610697106,0.000906294679874464,-0.554111698942029,-0.0653528983767371,0.0820948875950563,-0.263474093538288,-0.537242594005994,-0.0870653102653726,0.412817746093413,0.0967050651205038,-0.503984057735787,-0.699734816407823,0.392241266109974,0.800549427452345,0.656333580244751,-0.0875123858026476,0.867725864808406,0.531396217847988,0.765536691357086,-0.58570798624758,0.109908606972533,-0.740074467079923,0.339808497194145,1.17488681537855,-0.00561127853200527,0.483390788442578,1.66055330659491,1.30045224463609,0.0301956841085709,1.47401284366838,-1.0840403943528,1.60059527667883,1.52836867058819,1.54623883479135,0.605051478418384,1.03565178261459,-1.00986550482416,-0.152277965555963,-1.19911560752323,0.945374726814209,-0.292014363409017,0.455510309279078,0.38466283185796,0.281553710933295,-0.106254110250304,1.34303733099988,-0.39685694984785,-0.626489135945451,-0.287977801374768,0.0775978158610939,0.522798257193158,-0.254130647099268,-0.967248033987698,1.34110131117334,2.11231459910506,0.570910776625689,0.351763690989091,1.04578848914389,1.44523399759068,0.0987374543676507,0.560216627009303,0.619992434933125,-0.10738441244539,1.5089254464026,-0.690360711967673,0.574127058998073,0.588860424421785,-0.379394603376047,-0.931130299786114,1.85031610320543,-0.173319750395744,-0.31049369114301,0.296370042061202,0.0145549485835381,0.622036401511204,0.0892452616190989,0.393175493546783,1.51520935960636,0.240727472143621,-1.33009675070076,0.735504228291012,-0.268382851234479,1.48928455918329,0.0659333989328933,0.373392978340078,1.02357174502149,-0.0779237913931524,0.772588183569711,2.85808900058722,0.911376050495037,0.415134208734451,0.432397598224171,-0.371582790355216,-0.700201330207141,0.508323623889618,0.427539971033597,0.877218309559903,-0.988177277918868,0.152199338333778,0.227530464481335,1.39439268338751,0.142912576009313,0.402093259755783,-0.734250019401169,1.55846795372786,-0.942838702136747,0.535027829204858,0.779537243696358,-0.640241059777148,0.290286233560397,0.709533441634534,1.14173715170331,-0.0215618110686783,0.308634507810316,1.34222223625541,0.70803653042934,0.801467821210019,0.249497417993586,1.02983029488778,0.679041202303461,0.572407532872628,1.57106401151632,1.33528982653808,0.547765702265084,-0.0155602998465105,0.519951233080627,0.525133158175284,-1.78798818446581
-0.270938789586723,0.380242636781004,-0.138674944567136,0.207983060755794,0.158098226204412,0.568233414516578,-0.549089544277243,-0.306993887080119,0.100817155251801,0.198720604002551,0.0173199720529115,0.223279471039851,-0.356770870014938,-0.347542429166788,-0.690293716104701,0.223822436995506,0.590753793933732,-0.76457058784495,-0.357857820858994,0.306529080248709,0.211374147389849,0.388648257903549,-0.17581256776265,-0.591390360228981,-0.534250370859569,0.946307191015009,1.81517459293971,0.440238351507978,1.10044985131301,0.548044192117287,0.476906095870573,0.323751779800307,-0.407048815300273,0.00433372863923262,0.181852969665643,-0.191176409909527,-0.399919800942739,0.169646005265688,-0.151507039171725,-0.0676932906688765,-0.298512260919833,0.0667088716252289,0.822603043398851,0.310795589806243,0.763298242034899,0.535534888699332,0.726175431546039,0.245070976139325,-0.473112246104438,0.0126840017368361,-1.01713309708124,0.832452200837185,0.360295862792418,-0.609801549983049,-0.165426329951945,-0.758336321056515,-0.0244871092608395,-0.00484006606602513,0.401064536927068,0.192166038335734,-0.438604860963496,1.10066909357905,0.307945866051132,-0.544772823659314,-0.253834521554979,0.502160166221383,0.162690708466768,0.133018186390049,-0.111689133446455,0.739735150716475,-0.316198018173854,0.502297943502336,0.0518569818910954,0.492918582669323,0.552643016440791,0.697083831048356,0.720655557027116,-0.0215439600715727,-0.0445364151333009,1.28970340506632,0.912427212724072,0.637257676789871,0.394306991589677,0.0552622044960021,0.134921660905738,0.304231193185636,1.94793817695621,0.581737213950398,0.590486823187107,-0.161399497863541,-0.0915159739574095,-0.0942834444403015,0.342203143890123,0.65572466730184,0.725204223875602,-0.802423289277838,0.341984064717971,-0.909223268491484,0.589521299510354,-1.00046571433198,-0.329119916580733,-0.0473923096947974,0.047757720897847,0.666602819687251,0.172831445161188,0.354657360038316,-0.272426202417344,-0.843874547372845,0.830374472253761,-0.443321276952708,1.08080248019708,0.281388627167563,0.35192849650044,0.329997292899836,0.105394659462609,0.46822487521962,-0.416435316382828,-0.786363529263381,0.671535558377699,-0.567634101863441,-0.0394590002949334,-0.171486567468025,0.131796396718504,-0.0328903695737908,0.235932352570363,0.729026337779952,0.220886323846042,-0.186109199847051,-0.224726479727417,0.260923492699489,0.244131224250037,0.317451853827565,0.671184442699975,0.670023814956661,-0.339507748689496,0.00664625542304406,-0.930327907310718,-0.0737245144139342,0.0749814884335917,-0.0317715168569333,0.0982531085139188,0.287561329464941,0.319533777608952,-0.291637889847481,-0.948606704576306,0.799058748985604,-0.527935687533616,-0.0646067382089271,0.0813724670252249,0.479697393548187,0.0356643416555387,0.968040043144917,0.321968588709173,-0.123708226890868,0.0542890692592285,0.769425703451126,0.407706443103215,0.170204828833682,0.194094432874263,0.589791159470224,0.278929556955847,0.116916687590164,-0.539297307720044,-0.448086716783433,0.610201575264906,-0.735073490977905,-0.432246462228713,0.337999605789082
-1.06032796326195,1.28123506370665,-0.777255172622838,-0.0336768096307551,-0.5719656201961,1.33252611845207,-0.562782319229979,-0.231017910072747,0.42266743334705,-0.506437566382632,-0.40687342741757,0.524300748665244,0.221797110968073,0.268606570811583,0.658170168481465,0.348103943639617,0.470286282394204,0.223901435660492,0.0631650915367115,-0.481748117930724,0.93669394577513,-0.296105096895203,-0.247254849190632,-0.208438113279475,1.52317943763792,-0.283759295967618,-0.857484937681925,0.836485267569922,-0.326777231071389,0.256510898416476,0.572973291233102,-0.247777914109943,1.19768616326638,-1.0608357883477,0.0597403154136367,0.587907458183017,0.539639188242433,-0.153435776922199,0.673582025871729,-0.262036859537724,0.369569794698802,1.32223045505464,0.173373926785977,0.235524791346376,-0.105335167272945,0.561924626370333,-0.22256166292253,-0.710039644061961,0.419673712864834,0.652304278278563,0.0412444599545088,-0.393077622426824,0.523024886231219,-0.136120887012531,0.479995230736527,-0.552891133539819,0.633597678644724,-0.278363871729341,-1.05503123591753,-0.100100330624142,-1.04502985244452,0.215919852120603,-0.77128516152649,0.197680059930179,0.748577225388256,-0.123201560308111,0.79602384010992,-0.736043675746998,-0.878349767849826,0.445899406986554,-0.112541950001143,0.306211308785129,-1.1789066863367,0.423921034972502,-0.56185018162193,0.337457634683385,-0.707021194539182,0.00191871536861313,-0.827879024287255,0.782373098100551,0.701252744828051,-1.25446750377311,-0.102257601956492,0.00360264787267306,0.324717565019608,0.254482271671038,0.765031874252608,-0.0713216714261585,0.627105836862383,0.948254363783142,0.46695278166936,1.05732099367774,0.125988859245494,-0.10349021363992,-0.189306535170238,-0.884502370693158,0.462349732867938,2.06560233501443,0.907476393616492,-1.20693781539033,-1.73367281321487,-0.444976211008706,-0.179017350818616,-0.696989342541227,-1.22955176186578,0.503957782380995,-0.0675277461562757,0.79781831949982,-0.473787249528649,-0.354578081255112,-1.38652694287996,0.278873987975209,0.20112871256782,-1.53620934717223,-0.372390310077387,1.20460611978999,0.665863009901238,-0.990222431507521,0.162273366165663,0.857806918443994,0.232612366613531,-0.460478654395488,0.106611911922736,1.53343375391769,0.412290403474845,-0.306212677851765,-1.41645296105296,0.49186054506066,0.773510559127514,0.883129076557127,-0.522380116645282,0.363211289695347,-0.713547905595679,-1.41037140638361,-0.822540563955012,-0.842941854263532,0.316654681636907,0.212281657395792,0.520880731149408,-0.726006247390998,0.628800740957808,1.23944333365682,-0.459153620902593,-0.0678958795434643,-1.10128022522012,1.64913215539387,0.521782873658437,0.170613390500388,0.361995395573593,-0.299623626775755,0.412059368468505,0.192502342006924,0.0479093841639222,1.33143643228834,-0.559562100160496,-0.696172856506494,0.876402909812937,-0.601057068374093,-1.15907212863635,0.613371944327049,0.697311369483295,-1.82876166284992,0.259144816839496,-0.447840921877166,-0.289142642707508,0.633119978132255,0.890183765279639,-0.602702765215432
-1.11925631089201,-0.322991908964781,0.381700664728131,0.121125464825413,0.197315733028237,0.5479590174362,-0.0304658520210657,0.507479003634999,0.46809595808089,0.408598306934926,-0.297519796579927,-0.541738689559734,-0.342920794521765,-0.443727438241749,0.147837651875638,0.666013633426634,-1.01360811465138,-0.81407427234604,-0.0371132592662543,0.344259682724373,-0.371699447405372,-0.446255520332518,0.967402526480801,0.214596981801898,-0.118345559652316,-0.111930089393547,1.1528947882975,-0.0864459225783389,0.425518804100399,0.790457983402165,-0.259326452580263,-0.740128810257829,-0.0320415164446533,0.230273515185637,0.375494440438206,0.361238235157773,0.29040861783872,-0.22643284347864,-1.17834277458967,0.973582496505776,-0.479554408730636,0.216813298133919,0.261360421837843,0.528702112235966,0.0303161428503237,-0.560513526743732,0.518882762713581,0.128777149616904,0.67776532790193,-0.374482160081987,-0.263930253991069,1.30017673024572,0.610693979567731,0.661098205098225,1.37078125531196,0.0392763087686737,0.269740412963511,0.534952008230379,-0.432588880266215,0.20688635067071,0.629432715951792,-0.213715472316794,-0.12150229809015,0.909607248967872,0.176970556249422,-0.366958609512823,0.449781515753438,0.289619247535033,0.845472990978299,0.235722701702471,-0.0250665490132298,0.148324691281633,-0.161838952223948,0.281245949473392,0.735490195019522,1.05141933335598,0.104828566859288,0.663649270852679,0.319926444829846,0.272129825660184,-0.106793507096255,0.321093713605864,0.889339021118357,-0.582304597197332,-0.072755501243504,1.25111118116686,0.16284564044843,-0.0823453538494762,0.0881209351307906,0.31953105315551,-0.112924571972096,0.229854322179523,-0.304571796093394,0.223592613728216,-0.538813155678796,-0.144104177210879,0.569299136352049,0.375542744688368,-0.774644715075456,-0.755578392792436,-0.15584691859588,0.469273181339627,-0.147069171657336,0.706164596785643,-0.175318038813386,-0.245605856558643,-0.0760611135608302,0.866594388511426,0.172141589179642,0.303070471393498,0.0128830421015713,0.864222153363312,0.504297251505218,-0.21129094212011,-0.23275397324724,0.410674056800342,-0.0404369390237569,0.0965094492258602,-0.0961519630275932,0.279730352638711,0.460502283447104,0.416467840516551,0.721125380215168,0.112344901364422,-0.164779311487593,-0.12997279164621,0.617075343565333,0.91018981822807,-0.383459149165657,-0.214716254039592,-0.309026071946547,0.509773006007569,-0.422437792973553,1.40810318422889,-0.112597064414104,-0.359674528056856,-0.747189134016643,-0.200969950458581,-0.379015008682051,0.298401891583463,-0.325831689198604,0.226408457091676,1.21529617078155,0.00656630944899145,0.0430586974814854,0.02221884894607,0.0153565085795424,-0.786318481008467,-0.959779554862424,-0.290424049781859,0.575701525641668,0.975884047088306,-0.409898290863596,-0.0151284655628075,-0.371208634957786,-0.671428804277194,0.409719284502139,-0.211917091157772,0.00336081440854755,0.182737005438688,0.0256484225557245,0.510964153073154,-0.574629933945441,0.137805523235354,0.716924252453524,0.171755555126725,-0.171963309948975,0.436381000239666
0.412387958278032,0.544149407551986,0.865305549905767,-0.841892203670909,-0.86368770145171,0.418283022031338,-0.38555560092707,-0.158150716647486,0.386295267434899,-0.024352104093398,0.0162009328238001,1.3557062851361,0.875864019550911,1.00306754640597,0.69828052965589,0.101246017114722,0.698283431016395,1.24912412410453,0.178112878720642,1.00380643875142,0.596066778222513,0.00710407601582419,2.73809552930494,0.351206176192594,0.125624506246485,-0.0153526717962978,-0.148025401261443,1.12732612260887,1.22565078409825,-0.738603200638361,0.396036065172597,-0.031791013118735,-1.53458015455949,1.45634731387785,0.419168026919733,0.202883520938135,-1.13722971410148,0.202673523583721,0.0408618881970538,1.37146421947577,0.472343161887905,1.21298268528676,0.277626987092554,1.27424549336176,1.03433594265594,-2.24192653766873,0.398908119234615,0.206260329782852,1.37951356674779,0.43556180059101,0.584646894905211,1.22255987006943,1.30284360122512,1.51247678718989,1.5495477033139,0.058284448656243,0.421264915083027,2.58492159569142,0.0829323159413981,1.21476260273322,0.240727903888403,0.341887505717705,0.191053014752032,0.308232431870194,0.992208045088723,0.807173279638955,1.1402893398671,0.191363752361032,1.68158162098386,-0.339723819664388,1.7297400112944,-0.0947163927541886,0.883313162076916,0.143002463133606,0.172516499150822,-0.556666134346161,1.0728819347068,0.00477067478122373,-0.638857087758268,-1.02404050646394,1.608114685703,-0.028266921262835,0.704540318817277,-0.400108588950668,1.25433196509886,0.543494418288948,0.35716596800049,0.700007903900536,0.105857909635773,0.654268127846875,0.146686063622857,0.964267324699498,0.719366944990431,-0.504472305938639,2.36148115886776,-0.0832770565260122,-1.19982871678505,0.690999033554744,0.738482732606748,-0.131702732515119,1.10195193213149,-1.1806830495129,1.06789191049562,-0.392841064750759,0.0793886513891686,-0.38766060540749,-0.0216335493994291,-0.0592877017582535,1.05770685820792,0.576702527993331,0.528578798570982,1.24259323528921,1.22571806595968,1.32527275430557,0.186891437712963,2.04825212006465,-0.555158726437108,0.144614627417462,-0.289332310651259,-0.20110456891695,0.88651992581892,0.12323875157324,1.99242413309596,1.76825358430761,0.813591853103157,0.144806448204809,0.897410608305863,1.05542701595566,1.23923146367091,1.35587205473996,-0.815667029407989,-0.107653392929182,-0.408015234144176,0.738628110623528,-0.125742786002541,0.0170552827877957,0.923341892416145,0.740237366667748,-0.706889622215484,1.49440242214307,0.871912610223968,-1.02797145556406,0.991770825554758,0.125781923145885,0.755635613237778,0.135495801708907,0.488072895103418,0.098287756851757,-0.529613809967079,1.10008129363042,0.902999555653368,-1.11262743507538,-0.194218029091093,0.791935414689811,0.385336011562205,-0.231335515404621,1.07415683262649,1.25246288662959,-0.424280646517826,1.05399178271087,0.0642406512856232,-0.689717077198102,0.314968130276656,-0.0420610146951091,0.932435046070662,1.28505588734064,0.661255700486528,0.365053972897541
0.744882704200918,1.57809120895784,0.915246056092209,0.680675908036815,1.91721972695206,0.600781420720496,2.30425112391087,0.704111722760292,-0.0529502548769305,0.361021840937532,-1.00544635183537,-0.961542696599389,0.321899425957725,2.50407928482791,-2.79920413786009,0.781373290895891,-1.32808992688589,-1.90479102742473,-0.0823522828355048,-0.593945379164005,0.597981528011531,1.93913905196568,0.262180016250404,1.24001526405669,-0.486866647408944,0.789165721969346,-0.860634070029297,0.478087232614402,-0.420612230851174,-0.43294952119499,0.180313573356915,-1.1333628402241,0.570803700812338,-0.124751302440652,0.760414616938712,-0.169399672106934,-0.224982975486178,-0.832039696508244,-0.396638359891067,-0.376655309549142,0.868684108378089,-0.635174966860325,-0.237144245904964,-1.55718695579674,-0.0783290544123402,1.96888868553891,1.07806301747653,0.470701788025964,-1.49626738493656,0.350003571940355,0.863275931760281,1.43848229833002,-1.77274025055864,0.900875343855992,1.25065130139511,0.153578868106998,-1.15238510315571,-0.769368892163076,-1.37512578979379,-0.49698527933978,0.815083935364859,-0.780714457156569,1.7568820865294,1.58753827261637,-0.240102125576599,1.11990953670538,1.33972787980599,-0.0986069722989819,-0.24911102332971,-0.682179011467298,0.119555547437104,0.246256824922277,0.154786926578939,0.514785910072535,0.218804928152214,0.463528290246626,0.407346986550606,-1.2116158523844,-0.358554150853009,-0.893187896914142,3.30809096260603,2.10298849805152,0.0560157253359285,0.284555022169031,-0.923274019300239,-0.961811273955564,-0.615193627545927,0.0563089090589433,1.02902019378806,-0.659205785778381,1.31053967007833,-0.673989196756595,0.596342159289923,-1.33189620886634,0.510034424358642,0.0491382759005523,1.32807475381194,-0.791963828616996,-0.953278794706569,1.269373099673,0.773884101420868,0.736476484541102,1.12955306825207,-1.60940110921785,-1.68664769214956,0.923397466148321,-0.449852207784305,0.588218946839176,0.752841772049361,-1.31302703253124,2.26710970938815,-1.00524580672746,-0.822935943852712,-1.71226070091329,2.14743813617181,0.524344242771174,-0.954475921699089,-1.38728636279571,2.11114265244541,-1.75191323478162,0.159331478759877,0.266849576736846,0.303749053338712,1.20124285849177,1.15712043650976,0.155155605483202,0.885733095975003,0.274073132393748,-0.748615409985816,0.390613178398021,0.598356040958229,0.287516270749431,-1.0569798122475,-1.5208157055367,0.613958721207153,-0.794835339069397,0.0834766903673527,0.715837326628848,0.596616239073915,0.403649934485904,0.336140064863672,-1.10631705235582,-1.08968588092134,1.51334922767114,1.80889156800397,-1.13340319171223,-0.178812353110023,-0.837238762425206,-0.252476360254119,0.990802014119164,0.490003226661163,-2.13375861241341,-1.61993820139475,0.579103654578812,0.254482202450724,2.93020535138665,0.850530592438404,0.463577958519214,0.148357730949965,0.854758362325166,-0.700938391229084,-1.42657587308782,0.547737707735508,-0.0542982226318077,0.340321736053023,-0.371687124167456,0.540461090519737,0.0662007959597865
-0.00721919733708065,0.170036619783152,0.104745278131354,0.791562884224476,0.012241996854519,0.898622824264656,-0.0968533623013412,-1.57236123489784,0.69827501465622,0.345551194034412,0.130760062826529,0.142160540994163,-1.21817945979788,-1.23606557230763,-0.20324535047099,-0.175845753565597,-0.214836482182128,1.31765731374843,-0.0696902570832061,0.112626974331773,-1.0787063832037,1.36204540185245,-0.0268841238727969,-1.97033738677194,-0.69494880802253,-0.832026031755771,-0.204065637237252,-0.173322821333972,0.256324252903923,-0.439960775547309,0.0316224820410189,1.68492707149286,0.158691530254754,-0.42793793145016,-0.431438691612783,0.346693803407047,1.86720553185905,1.54441476492619,0.459779157788329,-0.839803037965718,-0.623459362589357,-0.536659196177824,-0.132334138558564,1.31905235145086,1.18785057602636,-0.851670174117654,-0.180129060113919,-0.874656348194708,-0.31018769810781,0.456483890162917,-0.79233106765163,1.24165730996647,1.90991436311418,1.70641947220907,0.317557880796629,0.708334367042573,0.0749813521004943,0.297426074081128,1.27913191416536,0.508093053142147,1.8605896576056,-0.784481524946677,1.20316534028157,0.0166778955094847,0.629000917750777,-0.763622526321853,0.0994095601424884,0.928607733080272,-0.0201134967826819,1.13302321921792,0.102835831165557,0.250445573107543,-0.454828996556662,0.305947162289415,0.578082357524681,-0.309310279675497,0.8536248138567,0.434197468327882,0.53959330850752,-0.154870335101333,0.57662819465261,-0.15161098804867,-0.595510869716797,0.989752640228739,0.575718947963103,0.623737972545252,0.371067352428716,0.0868504650045145,0.31393223926505,0.297330629607606,-0.154680627028249,0.410868966531594,-0.544994110558427,0.286782501802807,-1.10414456623038,0.812124118460401,-0.210164110279007,1.18917455425934,0.655316120476066,-0.902017771810056,-0.334336813611251,1.63705718102622,0.498311206735855,1.0465020924544,0.139341978157923,0.933844047246533,-0.0733495060481235,-0.552101795061289,0.233166403004091,-0.523392962811188,-0.48607360884951,-0.671138955716391,0.814561394728653,-0.135795194041688,0.34272809622216,-0.0862673617326302,-0.103067382883267,-0.295418473584361,0.880447281850557,-0.343352218895289,1.15360660679456,-0.133724260810839,-1.03401681070351,0.463519782593136,0.832988312140288,-0.550208838973614,0.229957691421001,1.163110994794,0.651854192146738,0.306733879027172,0.37241114867996,-0.217703596201298,-0.817490709366297,-0.730987753524717,1.20824483214096,0.516592987919375,1.02204118932918,-0.181530531348934,-0.846493500594139,-0.799710156351686,0.601478173468365,-0.786876052671889,0.00390021603974605,0.0593502686205468,0.766612329445255,1.39621149677828,1.4139628476624,1.71531616447109,0.0868077235468205,0.829514654375373,1.27497850910391,0.531573158740434,0.814034000131596,1.11967499704809,0.240380432878247,0.190820882043346,1.97051867805766,0.101754824792544,-0.0823297358276092,1.48625933236508,0.462624334631733,-0.706617359133884,0.261644378359221,1.5557265698744,1.2922871682226,-1.09512216836078,-0.376941104299016,-0.0358139403195019
0.937539999515293,0.705542904209278,-1.76561210490194,0.153770540776471,1.03820618887505,0.0832017653063877,0.0819038555019464,0.79299276969803,-0.950126253274054,0.68171630910522,0.962453838390808,-0.568937462664948,1.25144714925828,0.204483420134099,-2.27120084100558,1.05008499150083,-0.14573227280176,0.506918120929827,0.739274024042881,-1.64959587769775,-0.562045638956902,-0.227236893350083,0.939610597719515,1.04372129955781,-0.0264373953648474,0.882948112494558,0.38506135689846,-0.0150488543467925,1.23439624234485,-0.667703290240804,1.26671691353652,0.42039672076201,-0.366947987378118,-0.121028494296281,1.44354325093388,0.612814480805687,-0.716610310897221,-0.171839516099048,-0.764237213547728,0.558843795223288,0.425312745508819,-1.25551940074057,0.542637507217043,0.865212385835024,0.382923609620353,-0.571750582059192,1.74309791999974,0.75329826662143,2.11771239653951,0.411995296125882,-0.283849658643304,-0.79098340133628,-0.217524834856263,0.526770329679107,1.01135233800715,0.615487373514731,-0.24176671397673,-0.157648075694559,1.00273827776509,0.977318265396206,-1.09963779983919,1.77758040265134,-0.300022367967009,-0.183776989032132,-0.561787362518952,-0.169086196731855,0.287708174662971,-0.46696367614519,1.01692742328523,1.45297950989128,0.442678391454887,0.0639657309144244,-0.690874985012196,1.45598735255624,-0.306863348698267,-0.0386479712480301,-1.2366044558912,0.332179107070621,-0.799319264739404,0.419364369753971,-0.198747318423537,0.0744795367849469,-0.0827337130423262,-0.0819922223908528,-0.597318732502311,0.379517911122766,-1.68523778766391,-0.887154853151605,1.18512995381222,0.988045695607407,1.61971710807008,0.147511283087383,0.664387755124532,0.119216582582598,0.65281396798087,-0.0179289625772008,1.13250532010486,-2.22954732538148,0.917561574133343,0.7183974283676,0.252756857029847,0.154792220893788,1.12888310789994,0.359538188453164,1.43229407550057,-0.485657270577479,0.984125815216387,-0.0665150253646452,2.12187183287289,0.0405749612451982,0.0467651682135785,1.19077018866076,1.82565844881452,0.661407782881491,0.509267833982932,1.32653804787728,1.14546439706929,0.650261196165585,-0.863555560094593,-1.24559673097435,0.941238966473298,-1.2115014331926,0.955392870113288,-0.374106401927228,-0.738213129786633,-0.621774798820945,0.589302880530094,0.454445526045254,-0.970204929193244,1.02146204495829,-1.0298519690326,0.989627412007313,-2.25475237200638,0.108712595777884,-0.0177006204118254,1.00531808015148,0.411551538173206,0.863141673444596,0.921294393052055,-0.00774452499365885,1.10636846111922,0.480460968807082,-0.282551286419035,-0.310210650741397,-0.675383647217808,0.532936649120796,0.32014744035471,0.797826802689597,1.33529007496493,0.490527149188247,-0.665896217933891,0.264091450196295,0.986873299297388,-1.42947336867161,2.17648163629047,-0.279608757832965,-1.2980051568542,0.236509156214726,-2.02892366120916,-0.0978379022980862,-1.17194623596119,0.680041231836344,-0.0909636101795019,-0.213717322910418,1.24301283142217,-0.330628951411899,1.09157381260794,0.0142268929146586
0.123890293136512,-0.5798178574984,0.419572508264326,0.393777448419572,-0.0563263822794108,0.728903704278572,0.133738498404602,1.36201486379587,-0.341464482763369,0.758001778212213,0.788241120213219,0.0301442000058219,0.578568627008724,-0.371031836577802,0.796285123714861,-0.580091912401441,0.199277010293491,-0.672682629437693,-0.484357767716746,1.14947035220573,-0.794087414738225,-1.43663607606712,-0.109804598121089,0.749737642851001,0.570586746669052,-1.7762722079467,0.335832226984742,-0.0459810934044996,-0.156911782434878,0.0455902328799027,-0.386290194957652,0.22700129995299,1.08710691953191,0.601023071632824,-0.0331162438923324,-0.353698780646221,0.000591785924168697,0.633369298089297,0.0649140955618914,0.292355712708153,0.313788406619096,-0.638351368318394,0.515180965651371,0.761380365634364,0.289936199303374,-0.398273176039539,-0.896673291181936,1.45651621399811,0.699222439956703,1.31140251169297,0.653084964834775,0.143759476221876,0.678576919706244,-0.48065819001322,-0.156165549222841,0.295640033366653,0.047166714311316,-0.166085335029883,-0.373719587862447,1.16723780480269,0.784681399603579,0.800041597450487,-0.579274779740722,0.775199295542508,1.45018186869137,0.517209143299178,0.817629975342545,1.11680565794068,0.322827161474819,-0.157453653683166,0.10272728626305,1.10347928689936,0.471021186695476,0.334913024357403,0.541808584900609,0.11182558793052,1.03568380118332,0.0979407962759308,-0.0135589578218435,-0.769598872275488,0.44896503852758,-0.445175836518948,-0.934916522705129,0.638150493196979,0.0639173862420372,0.48806246250761,1.35501757319827,0.588939644088917,-0.30602325797099,0.94050547526991,0.266306079013477,-0.353891190026858,1.08747389042265,1.06648999829042,0.486658152504512,1.14183617878928,0.995345436113526,-0.714108408695035,0.072176175110418,1.88376183797821,-0.489951046451112,1.69717794659223,1.0026948905947,0.191048096966023,-0.557192201493527,1.1223288747915,0.368997355135659,-0.334902561494983,0.726469094276333,1.34333317487041,1.42089835969503,0.773913673357096,0.0575931274154412,0.914436111928051,-0.0868165174986562,1.43808267346313,0.829044326911389,-1.02885072561676,0.936551104787122,0.833588195877655,0.803529513250496,1.69499553123563,1.85069680381672,0.544232210914126,1.08892425406621,0.000908566788696274,0.65755226770467,0.994800670135676,0.418945515968662,0.481725608699293,-0.00074040175753276,-0.919676596994262,0.964784320232085,1.00136859274118,0.376069657417479,0.586866625006413,0.263608192394038,0.532212239483689,0.431954735293424,1.64102997118078,1.64641200559034,1.07946671906075,1.2587721799274,0.703004896108863,0.885253057727167,0.835845104121497,0.435144689392053,0.292076904626896,0.425588450529191,-0.131784948884088,0.290080826093619,1.14153550325884,0.802533939544055,0.718098072080945,-0.0215743406815483,0.302441510808779,0.550210246108047,0.406289069461319,1.19622303083729,0.260458111581275,0.267484234773857,0.544502462520103,0.129893736192797,0.945998780668123,1.23418663316481,0.653764828767776,0.785392438866985,-1.98052999672161
-0.610879313258277,0.690724403571778,-0.96284508036322,0.63861027411315,1.15489656009122,0.620214057567182,-0.979319107943444,-0.766880751525677,0.864325754195182,1.43500132722898,-0.00354176200658346,0.654705687610206,-0.181778168218239,-0.987254004396258,-0.157479270927935,0.512415787567452,0.507890668768771,-1.39905228644248,0.721532332344123,0.419768477633911,0.37358651168853,1.01028759346059,0.803988491188054,0.0936038433042662,0.653129813526117,0.0951681643033358,0.391337182272552,0.108921871878783,0.654041225892265,0.338897315585942,0.787258999136901,1.17071371330007,0.676972388845959,0.877364449767463,-0.704856490331244,-0.329272304706499,0.149787236722678,0.719532119616618,-0.00428645478580608,-0.272848584754478,0.0921417747567058,0.428960405376741,-0.110406518734792,0.461359381338821,0.665467734434058,-0.238384462849031,1.48094047020711,-0.128759972379262,0.51692632868727,-1.04858202281508,-0.395017402404614,-1.10157528151411,-0.122848967693844,1.01703193064235,-0.214740831623041,0.139883539355529,0.808271331288479,0.10914148584845,0.80461158777598,0.363385489078867,0.27438319291691,0.510557180831386,0.70633377863832,0.141056779680273,-0.205036038335208,0.279664553074871,-0.0604181615697519,-0.091509628195455,-0.568088377192609,-0.283080974049972,-0.701531583612738,0.745287560140195,-0.748517951423728,0.667200451874327,1.21023941038806,-0.700215798714546,0.0330468809825536,0.181332362248314,-0.0828039369263454,1.125761853709,0.53139399583608,-0.0890707253333898,0.655090452393909,0.0725245106110305,-0.199098462513138,0.781660560892847,0.485970045065874,0.0883568168931796,0.752792657302768,1.1733585856084,-0.954760352729598,-0.355941899080968,0.47619603665191,0.972328332422332,-0.0992254909146513,-0.520153855551502,1.45859051783535,0.834192422600315,0.112801111036289,0.96981883306359,0.217070647024763,0.889166200403672,0.0777047039510337,0.804463031865896,-0.336943194583584,-0.447037427699118,0.288176459206612,-0.0309245631699063,0.228004082617844,0.290102305061986,1.82999723121377,-0.276523678596669,0.599949229432804,0.320674188713131,0.0336589090512001,-0.783540503695109,0.543041198963932,-0.108129995402346,-0.133426300768377,0.259396281121658,0.931713464424803,1.58620826183182,0.923861009935307,0.798013890106397,0.250499309483045,-1.1144592641153,0.0415149269903654,1.31793414745973,1.35159889771973,-0.284861610335957,0.0741258340844618,-0.264883588861932,0.14102648184826,0.0688334426614514,0.467512385044533,-1.31989558913317,-0.258252317029495,0.325197320089842,-0.394686506707266,0.563337998636029,0.147888549578233,-0.372289715164544,0.277121597516775,-0.259326582648716,-0.338684797511799,-0.663682521156236,1.25451593662234,1.11197888187703,-0.0706276132166508,0.0202848835354763,0.37327287667269,0.539740306212114,0.847775037422434,-0.785461250554116,0.524977347466577,-0.0748734293672841,0.880932370313876,-0.866424477925631,0.52348562566632,-0.0179810926622068,0.264186298606455,0.684952385784313,1.24870890446409,0.0888895111323049,1.11598979695276,-0.0832645810144894,0.462751658251458,0.589343157516951
-1.26709315578998,0.439257218890308,0.620611301688048,1.00449005775044,0.8512609573388,0.859785304222016,1.13685386592449,-0.0648778992852923,0.288876966114424,-0.440953076088238,0.0757433191851912,-0.770654681047267,0.194877105068668,0.504889612285347,0.723569993537245,0.0117545236378769,1.83697846781551,0.190502781092897,0.329946163832722,0.659613229986951,0.408682762860352,1.34441761407923,0.408725604984127,1.29112325050881,0.56753517322272,-0.372011833918857,-0.632021834877935,0.430076776435087,-0.633325400178092,-0.510181494090924,0.600778938192607,0.616551790264287,-0.284931962114131,-0.649169609139245,0.497023637206255,1.49018195354164,0.500914614506734,0.511647560586367,0.176635404044928,1.42316694284898,-0.107973500868579,0.631706699622031,0.90357623515394,1.62477862326037,1.50862386358941,0.628456225731922,0.243009258563032,-0.919054668648444,-0.121807326676778,0.798938515851976,-0.718012644146234,0.687643372511986,1.54184170269977,1.15036701248194,0.664833531117672,1.13089263487016,-0.0729455164499569,1.15377411940576,-0.726934297643085,-0.366678806710182,0.186348795859971,1.60176208591317,0.323535826245897,0.375662271620094,0.822603007364516,0.547965612096869,-0.413591155984461,0.824706643357036,-0.0803763734566198,0.659814546174664,-0.218174651694267,0.555829544740458,-0.0334694198617844,1.24475338255196,0.773938398946357,-0.187959169450777,0.254747673359983,-0.145572388761663,-0.188294764781445,-0.552932096836377,0.167052150994884,0.0198150883051602,0.730100160079858,0.132543060481133,1.21918323701547,0.366059331188445,0.71498545105256,0.760969041166214,0.845275420409425,0.197969132704887,0.34516229752386,-0.548791236503093,0.428914693343098,1.8887875149246,0.631743885614173,0.873451292866403,0.582077287390837,-0.431476622939871,0.30916135232136,0.13395655995139,0.983104566992551,-0.705218277665497,0.265757858084285,0.459099317668581,1.29585747060306,1.11227900482058,1.0303395128582,1.09666242480814,0.945009560521618,-0.109026288247135,0.52882172415048,0.191466296981421,0.0742318533691656,-0.227728774224022,-0.43115091683984,1.7102751839038,0.761738974318293,-0.20552409965653,0.151884705927793,-0.317460690780275,-0.269303843962989,0.906296542837022,1.60264693333723,0.712645507989866,1.17260193707904,0.593279806912528,0.488528744631816,1.43806387649105,-0.540177255154027,0.230091728326362,1.08051739883923,0.873023332595315,0.614564262658496,1.54386923348082,0.312974767906721,-0.204996295330939,-0.237396991323551,1.33553565650846,1.4767537238613,-0.686855513473796,0.64545009644923,0.681132127310744,-0.624383104817848,0.805187948123956,0.634300045613726,1.04406395057921,0.332187020111141,0.0771654496878371,1.44506504134077,1.02145093515116,0.117084514258132,-0.175791334440665,0.969445725967637,0.293525859523468,2.02013167785897,0.887543039021454,0.356817718864028,0.879459785449979,1.30436669718015,0.897765678124933,0.440389696453641,-0.464816898703001,0.709525968635551,-0.112529506938036,-0.374751388554008,0.312708437160308,-0.726101829814129,0.341869490078303
0.154620664952472,-0.0635215005982876,-0.480168278216845,0.178569982138725,-0.332021246543157,0.874250868191654,0.26145590392533,0.64103019159663,0.0565826206268759,0.363095391006726,-0.993891935615659,0.170224146016089,0.721735152983083,0.56997605583254,0.0369667474238705,0.485706780370557,0.415728469166119,1.35956295016194,0.472582161635515,0.412208684162473,-0.0316212546266321,-0.164111265330865,0.67306107658311,1.34227251367067,-0.128488204550691,-0.2605760093319,0.0250396824377473,-0.133211665680574,1.11366512403974,-0.198667177761955,0.288592483966773,0.36170769937856,-0.105028999148079,0.0233102411269496,0.348338223605982,0.430893485021638,-0.599957360651929,0.927216101310949,-0.30582889698959,0.486333471262193,0.0308945912248556,1.28122626010033,-0.666972821870942,0.27160173682699,-0.127619743264862,0.348309989419056,0.704358599221978,0.0864114243750121,-0.667720443592259,-0.808789030828642,0.459298622622843,-0.14763588293005,-0.0425640191151665,1.0553270484544,-0.523763351732603,-0.172647421162758,-0.0689855833536716,0.638657077212524,-0.45275378410094,-0.567371646828154,0.28443965541351,0.15871762886231,0.129321773685247,-0.185763646614127,0.947623605859994,-0.120312649738864,-0.147484675087659,-0.230610411572303,0.466537936777824,-0.581051496903045,0.496349215726093,0.0972386229044503,0.413561044171742,0.322161847416018,0.425624019226366,-0.288032611085265,-0.731446857819402,0.300890949323054,-0.384011025444465,-0.188751284113017,0.285293760400802,-0.218893582302313,1.39699690528927,0.383384127507287,1.05530580424129,0.580319461503379,-0.116001736847143,-0.486151016020831,-0.0567774332571419,0.631626620271878,0.020761925586342,0.486682108642861,-0.387035438650754,0.530382624698109,0.428598726295094,0.514019190284778,-0.392881655697637,1.2237490779615,-0.428048816813153,0.0438981409517686,-0.352311150210495,-0.0677526181829289,-0.320905386444171,0.819813930894717,-0.922008669240467,-0.143073707311969,0.334431099753049,1.05807654884824,0.655569859782483,0.43658598645207,-0.13113156730299,1.04505902314793,0.0722211671027988,-0.189133363390147,-0.685966208237563,-0.0328283875337287,0.293257236913478,-0.591333165061499,1.28308676042708,-0.42915828663968,0.713992921681788,0.339399264722243,0.224442423223222,0.516434817114303,0.129456973215306,-0.116909963751223,-0.329149639762036,0.696669636895072,0.208217965113827,-0.18706657622377,1.31892402717858,0.283161253364031,-0.69834321202742,0.746808429554985,0.447991903545975,0.515635428083371,0.0467023120659311,0.398714353211502,0.717318862108967,0.162756780232779,-0.31469609775104,1.04400722264589,-0.374318652069362,0.155524127261727,0.0182996303792279,0.139673716147126,-0.733421931115698,-0.352888464730477,0.77114073256891,0.457083761026823,0.514004331942507,0.327025485569563,0.0884580269192021,0.185943454213425,1.08724832754536,0.435303513148258,0.419657713606373,0.0440317379859957,1.0859022945151,-0.303305847310644,-0.118519677181071,-0.328134447719116,0.51545908891931,0.206633580246686,0.243778253532799,0.161298421900161,-0.0706965242421703,0.558420881416437
-0.516675040743007,0.298243422422721,1.30139131432718,-0.879048918547947,-0.944911773575699,-0.104379531411816,0.589244210766585,1.35638061699521,-0.0307803625607224,0.568365074494209,-0.119677365658407,0.673109906762394,-0.196024752306039,0.555413809394879,-0.464935484247031,-0.284343496788712,-0.164406446510884,-1.79263885484074,-0.272483452414569,-0.336241186400545,-0.244676131811143,0.154518440736918,0.57345958322038,0.470074395833377,-0.826158060143753,-0.625187491947155,-0.603933822841589,-0.181917419822351,-1.30255122958279,0.544864704956189,-0.903465873914262,1.74691841832902,1.35071161432364,2.10254022502725,0.0358760308753333,0.332276629747747,1.03888175133388,0.492993316647572,0.219070849584833,-0.514260380025984,1.04721741706087,0.420860924280625,0.488342440178215,0.634204744826992,0.218706867146927,0.0771460515084118,-0.702711045024486,-0.416891951943201,0.345926233352157,-0.265814143375476,0.0274049756995439,-0.366141642260109,-1.2890543987654,-0.490320858158849,-0.331823392077455,-0.19431471993298,0.292373745547483,-0.220915245452575,0.999330638544091,1.17390615807067,0.868418315530158,-0.660945475520568,0.163905935396625,-0.0552121783053048,-0.686052070873591,0.425114777801426,0.573039798375654,0.464796951041656,-0.611740681008167,0.174387115366325,0.189993660028761,-0.0595130386145297,0.154690593123165,-0.620648014722079,0.378970817830148,0.623290601612191,-0.393154437005137,-0.143745433699816,0.126512746111511,-0.0337446544429403,0.314635887642446,-0.230733447725362,-0.137123959017983,-0.164608288577752,-0.977050985363301,0.800211533044931,-0.0109522957253425,-0.179358561482962,1.15724512619385,-0.123328373060763,1.07920422676652,0.536245521934434,-0.0527589033560104,1.23748989454909,-0.333294237170379,-1.0751628621395,1.22186999073764,0.156544783624321,-0.484915636776859,-0.452417231567596,-0.381030243996048,-0.568336794732805,0.205475410863234,0.80335457734386,0.220692191102748,-1.24247830905591,-0.441974375675524,-0.133298649655584,-0.311186725688867,0.894991354287742,-0.0544853387239508,-0.340943848694198,0.102245245936855,0.628756085067227,0.41397128938813,0.19440141497887,-0.429908250469733,-0.370986194723836,-0.399848089965139,0.0797238855868655,-0.322482797697923,-0.0324142937184244,-0.511839564953574,-0.769998289531215,0.510363791577724,0.259765908191848,-1.01001201774376,-0.470321049526383,0.229004520901582,0.470913505019929,0.668857713952665,1.37412110180052,-0.693609972621064,-0.853216358892635,1.92999059799702,-0.170727061123039,0.49704934492371,0.220130193016151,0.101592393532697,-0.340230208436281,-0.144078999573111,-0.5962144535994,0.852053170805636,1.55424845627593,0.635604024633212,-0.151974931359598,0.267599422984669,1.00473556602018,0.62986715884707,-2.82888941979779,0.770151291598323,1.11974630946631,0.234046465568838,-0.0652034818708374,0.453751698638141,-0.116257034722206,0.0553851179977727,-0.8289146385783,1.20323523284779,-0.405641354155372,0.798653952304427,-0.99394503662446,0.51814696365714,0.148320499460034,1.95159798924971,-0.280785471833325,-0.527154382077132,-0.292424805595288
0.113494380361402,0.0885914002282976,0.475853658494768,0.887210684401217,0.626355248564097,0.576446939369982,0.537693054590233,-0.618296558805723,-0.140319041382366,-0.0228556622425523,0.560100626414884,0.0859984275933924,0.69614457219857,0.828010343714997,0.160702310100775,0.644431728236737,1.38024514170482,0.260390031922877,-0.164032876549762,0.422775043601875,-0.222945380996649,-0.621881938541618,-0.881086938997383,0.293921984663439,0.390699961849223,-0.272099524394557,0.167870314026843,0.0542301001703904,0.365490557791639,0.422711267531617,-0.68168369831535,-0.215162027767416,-0.203932456979415,-0.00553559312981197,-0.158420964923029,0.648385683879161,0.727630838011091,0.470998429619974,0.138790792393613,-0.267774442873277,0.307049872834242,1.15621991602781,0.962626852714323,-0.522426827402608,0.403585803589937,0.36201132888785,-0.478823620359605,-0.620873394119478,0.526180269267473,-0.4093146808103,-0.296790995570885,0.0283748310523967,-0.359488188083128,0.235360306076948,-0.73366580792136,1.03317720495108,0.696927749576177,0.225608599180197,-0.134342485303337,-0.572616667488597,0.963895710842454,-0.451352488235753,0.41842826684501,-0.512441954630041,0.020619560877973,0.418342899402495,-0.449529640420024,-0.470699458222521,0.33935750608884,-0.442429891625994,1.02693315754446,-0.581007687129757,0.777738939040683,-0.0702449310540192,-0.026817274442168,0.204874687355707,0.0154524721390565,0.051363400151126,0.53561185717916,1.41444555260506,1.06937688355069,0.207851613380913,0.175922415288169,-0.461892047650761,-0.464856756220016,0.30312730415719,0.766325628767112,0.355624120156817,0.623096833500509,0.948692180477972,0.276998276289306,0.119722745996955,0.63165925629276,0.536459196844305,0.659656666916649,0.0832379494746671,-0.31283772539759,-0.741708313386192,0.197176621766004,-0.467077195917722,0.0314684579175265,-0.243874028921057,0.159993030973039,0.628699794622525,0.251317120428018,-0.0595477037881792,0.411476632992235,0.435317890080507,-0.582937931180303,0.917583159161424,-0.102225898434592,-0.246155368364731,-0.531746937025221,-0.412245174837361,0.375674446278177,-0.55449116512899,-0.314495225827783,0.621156287488256,0.195570419340248,-0.506575406784949,0.589091018957049,-0.466799992975158,0.744483559779511,-0.221025169789217,-0.448093314400569,0.898179524107567,0.707547176166081,0.118450658907285,0.49720362974579,0.160857169305268,-0.0138516834367994,1.0186071468097,-0.375060085938623,-0.345368319478662,1.34399804160801,-0.325875845825104,-0.117871204292134,-0.425211484836198,-0.408876618210702,0.817971446810428,-0.413351707992449,0.763570175637257,-0.505938978087851,1.00563642559647,0.191788703862892,0.394579240174487,-0.344316677730796,-0.118138355957926,0.557399229759974,0.818863282035732,0.2868314980551,-0.356148553149707,0.728772453521628,-0.279088203700746,0.359297437327983,-0.0709179988035467,0.290979014586448,0.215388423549293,-0.220825587912669,-0.914582993015762,0.529740269632095,0.765234237727669,-0.103285106602667,-0.373281726740896,-0.227216560005096,0.735989504992275,0.502243826520049,-0.316368709716331
0.446150344047503,0.97447316897446,0.347952292518383,0.238440338953121,-0.0272148781456769,0.976111854930948,-0.513520215948357,-0.173561972847513,0.364644594279293,-0.651569015826402,0.477281545302484,1.48256827449372,1.03939758650143,0.232056454635899,0.849292840354145,0.785191487016581,1.36900616311806,0.959718755948496,0.311862226830113,-0.126863123729014,-0.240397509512911,1.88010110460457,0.534967122414612,-0.582256752912647,1.18952657812672,1.00725689708425,-0.734822534547294,0.433623711486226,-0.172049390148665,0.111036175834529,1.30477379933234,0.861272720842524,0.355772137282056,1.12233790972241,-0.0455588432139867,1.1874110057981,-1.32549578414214,1.3085523119455,1.09842012388673,1.04664148762523,0.702160854707411,1.05781003645141,0.546383827464756,0.256550195159533,-0.094371828560059,0.896950142622513,1.1378552191079,-0.0500578699236505,-0.601921346740589,-0.407238237427852,0.297944976813513,-1.58362664728454,-0.406487168468319,1.34447579038591,-0.778072408678493,-0.909956524104531,0.0378441739763987,0.771584608829661,-0.434735461820368,0.112885476050093,1.75596704041538,0.225010254282799,0.867187509774747,0.23779253823857,-0.705744064663303,0.91862641817927,-0.854442186795019,-1.00121664640716,-0.532245870700707,1.57683340307462,-0.109966935638005,0.935120709867298,0.441207822345444,-0.465182575241633,0.974898886130399,1.0172250477938,0.66707298986828,-1.02046278373467,0.515839328938121,0.943900651387572,-1.093932656103,0.0739659380400161,0.108424946358735,0.605265238689822,1.82273579053965,-1.10572664257758,0.405745209659938,0.425828029277059,0.680073769433551,-0.740507319879265,0.435367375647628,0.113121104304749,1.18682370812474,0.619086172095196,0.281080882104392,-0.13142093071942,-0.904111174645592,0.379418496745291,0.707665091006645,-0.135203266392381,2.1854888977177,1.16946469753649,2.44014679461274,1.13022158302377,1.27180113925533,0.933021662040735,1.69499532546239,-0.803947738782125,-1.1276875879275,1.33594320111278,0.958647339631635,-0.245167207196695,1.10764798644954,0.829732911337824,0.168976505792984,0.0113833765727212,-0.261464365378403,0.213685571897453,-1.4680694521347,0.0889180960105455,0.310281327781797,-0.711933094350732,1.2825138817405,-0.549921222256094,-0.189328632574786,-0.43090007432974,1.29008515310394,0.865470291309371,-0.568412182635309,1.1657807730962,0.499368047800813,-0.664528393050803,-0.324603022131986,0.201074321589742,-0.120610805971242,-0.438040239238194,0.947388418101868,-0.142159191215105,0.984947965164858,0.869495106111238,1.65818824185442,0.482237770028081,0.598692052877495,-0.129105485584972,1.25627274165447,1.91942858103086,-1.78370803826215,0.811571155191356,0.304558798604789,1.1552139159269,0.777884182459666,0.328808083766166,1.24887375217993,0.676477852006547,-0.0520882029081372,0.749293084989208,0.585138600590681,0.329511023674428,-0.39917420500765,-0.291786480402707,1.55026489414741,1.91645631481053,-0.0717888821373222,0.353972823370917,1.23152969074244,-1.12994872499223,0.130340680026346,0.362159729138641
-0.189416466183545,-1.01892698409372,-1.06746885845635,1.21898356684294,0.0955094536739801,-0.208409914381537,-1.2102715806173,0.210585940763722,1.40814261497101,-0.672156046885323,0.896767341245151,3.41705208352567,1.21631820870613,-1.25972146719225,0.694107762028457,1.84014479287441,2.13727560705676,0.413639602543277,-0.765050237304434,0.796010936899445,-0.0748689289686458,-0.592849234746201,-0.944719274787656,1.57706691896232,1.20147196521599,-0.778981378027122,-1.66100554580397,-0.535005506355859,0.903546061388695,1.70422384861248,1.21700804059122,1.59601518205426,0.416717345700325,1.77964293897996,0.195058615157743,0.534651537925526,-0.617051106574092,-0.320743454050428,-0.867153013952098,-1.33356197650572,-0.382398973831152,2.55853398517028,-0.0288119893550512,0.0264903294114873,0.75539288594169,0.348117484654931,-0.255921162005285,-0.83475466983268,0.964909672247997,1.23725755105996,0.574604896427588,0.661403434750377,0.151373700412437,-0.743281721269244,0.582674583299054,0.0637858833271125,0.273377667807034,0.0229480819372237,1.36813188223688,0.736631628401322,0.33947553718395,-0.212753242093514,1.52957047242106,-0.415044461709795,-0.0749433469218092,-0.773048190411897,0.283640896660577,1.40146873133458,-1.29439170852491,-2.22725289082821,-0.297171051232117,1.09148990881253,-0.525464814523901,2.39222491856322,-0.744711839486753,-0.0960369362619274,0.706202720012581,-0.0445769010438382,-0.447555914432008,1.4745332503988,-0.603800410524567,-0.260442223464924,0.24976103297015,1.79961139807899,-1.06750061674314,-1.17917023799039,1.98310252162595,-0.369777883769787,-0.296447422194381,-1.00237337689521,0.129543875369451,0.686080396175134,-1.26377565894235,0.532280104891696,-1.04344506733487,-0.217703579796114,-0.282278824424728,0.541458376842161,-0.222655243624735,-0.372989986360428,-0.161928535816917,1.25664744211515,0.459695029712514,0.777197153646043,-0.298958848597284,0.506065911638944,0.469632346827881,0.597757537168763,-1.40976551000459,-1.00511081987773,1.69604211506095,-1.13101293545314,1.17554614213114,1.47483238403534,-1.37925285099864,0.142166776417563,0.86216227610976,0.738879681016934,0.49022509624046,0.103619183745508,-1.31266438352214,0.453208258169419,-0.83939109474638,0.493109488700427,0.462457155999439,-0.00395062768311688,2.08978948688691,2.05437433964403,0.26128847937502,1.32232133992416,-0.507643424779956,-1.21044678422647,0.919137817150433,0.898600428202751,-0.918885296406816,0.295494062986247,-1.21916955323853,-0.386799353884657,-2.35998805200842,0.890080968523525,0.00380125532610898,1.59566934969181,0.135500836162526,-0.39854530101833,0.99634678950414,-0.56202201401368,0.969851010150606,-0.55741838054881,0.367191059030746,1.21598224291279,-0.340240714504275,1.53156848043168,0.733181376794567,-0.464353043520053,-0.0855308965567131,-1.99561584944283,0.636129163651792,-1.0999679962205,0.00817362658513054,0.219144060108609,-0.893881114687554,0.312847147648414,1.68530885923824,-0.682850069120724,2.17249578408298,0.857638092884617,0.525884092806917,1.11464745500588
-0.100890535291231,-0.364236171913715,-0.473545457094531,-0.218723071441718,0.113067390723218,0.76922862921637,0.999019749690364,-0.367677123601805,-0.566189873323322,1.75161946401414,-0.850929583351619,1.04246865319896,-0.129252394085232,0.0353212608233069,1.48880845425232,1.58228149436739,-0.102244721098019,0.105737711751181,0.919670106164654,0.332504783966214,0.41986242557807,-0.0382812023797688,-0.116110964797731,0.0108314678752585,0.507852820360389,0.369081279799912,0.585903202311281,0.52996157977119,0.808819781928267,0.383816200161339,-0.138290097748466,0.291551307478024,-0.12148128156102,1.57802359590955,-0.595903643609632,1.08919058582256,1.9781240624568,1.21744047745567,0.78821437847581,0.891881752312376,0.438872231683467,0.702899519332457,1.15417630670535,-1.37225270331112,0.91069582720123,-0.455880969856456,1.69618749883771,0.99026850864053,1.02810271988233,0.135874100935598,-0.559254518329004,0.593665326448608,-0.400505246462038,-0.50939836338666,1.74797821498292,0.0027852222027715,0.101184520700563,1.2547911225764,0.0539503115439187,0.635620013791589,-0.190693166125108,-0.761346784030523,0.398556895343376,0.171559835536468,0.620408491436295,0.629236818726635,0.286708203743038,1.71065597699448,1.12665218021763,-0.450070365578122,1.09398576727781,0.0864459982018149,0.35155355261564,1.83965047756276,-0.120859243896222,0.67329050831106,-0.689936627599715,1.20976127385631,-0.0611214353427758,1.35214881319995,0.415357358097998,0.420185377104251,0.0684996707184762,-0.0340370112907833,0.477820023727991,0.729976786369992,-0.163593539177243,0.893237848097126,0.257903283956582,-0.936410236807508,0.543535512799161,2.13190441429884,-0.714707249502505,-0.893217775328877,0.963107637572132,1.78600888047017,1.65689166919884,0.929240733781061,-1.15699538664343,0.621578148010446,-0.375799504036947,-0.0195667753009612,0.529050902446848,-0.21795603720304,-0.0493883677285952,-0.443629837359321,-0.330253673279259,-0.0193242794358189,-0.700089210271277,1.51953119119441,-0.337224979733551,1.61716082068226,1.32687064833648,0.743021656742533,0.249746784531487,1.12430238434966,0.851067960799241,1.48543526885447,0.109301244464189,0.814579284355119,-0.934828737018191,1.28089415991837,-0.109457467900693,1.05041143497852,0.268477080334545,0.0129371427537955,-0.831503169794414,0.852307846230639,0.647793392148976,-1.2321571324924,-0.369818397935782,-0.746466090448581,-0.135384728215142,-0.970449054178296,0.419577833149135,0.148300791704872,-0.17372570437081,1.28737688515693,-0.580788649291747,0.649998196143134,0.244241522281021,0.66060939828596,0.803054030011947,0.0445828353204837,2.01235547003285,0.378917715395473,1.27386224187809,-0.922781425090909,0.263657021062337,0.655299977649262,-0.296223268092939,-0.58517727371366,0.368940763258671,-0.270540555907803,0.844645340592731,0.106235410640668,0.0160153297635805,0.701961382233214,1.73647395332227,1.75870397685739,0.0416400376388621,-1.31515713246817,-0.36002206958908,-0.0238444946198167,0.233002449036793,1.38755760663282,0.655429664257757,-0.528356486057204
-0.655492870613537,1.2193666713668,-0.0967478959240463,-0.83877248098139,-0.0809523827553456,0.667091336179323,-0.254776601229955,-0.227965995470298,-1.41018817018194,-0.747960277447939,-0.0016728225177933,0.459367372614122,1.86013780521502,-0.479106040627778,-0.0990212231605932,0.894559114127738,-0.448346845120015,-0.18950654886588,0.0142661512998208,0.409397579400544,0.0923287945136694,0.063015397284659,0.381711013543821,1.71116103608281,0.0641382329947183,1.10953290066841,0.230524557869181,0.291892777938976,1.01085470756791,-1.20839503708967,0.726616820291868,-0.472709672642327,0.491081702426238,-1.16617126633177,0.212866471741797,0.590762274785083,0.842732641335985,2.03672851523148,1.86705577030208,1.27787740929173,0.82473015023266,1.00335443807513,-0.232056174008672,2.41869757215452,-0.500132858666319,-0.552443990346205,0.549124890538082,-0.30350081638179,2.02137877442587,-0.519945514828327,-1.02394287324143,-0.824009928785491,0.0764910291827919,1.17373663218712,0.570020923396914,0.403181640556655,-0.577663194824119,-0.0684696080220078,0.488550706463143,1.82194092156215,0.408977541093127,1.21392256832674,0.674635657927384,0.908072710922479,-0.271964260276515,-0.348986226526018,0.880735162326426,-1.88161131337721,-0.598719630893893,-2.25081635506514,-0.345860326668145,-0.5701388678478,-0.020260097771161,1.27055674633211,0.147169086476845,-0.634557801228083,-0.834329651320584,1.31335702718119,-1.03374313505915,1.79652891548908,1.01102842595566,1.21600913760046,0.124901766905913,-0.587026137637475,0.701915424781506,-0.589334930295285,0.522428908217788,0.431733634209897,-0.611945445831209,0.291458335911051,0.673937554328448,-0.744395820842237,0.237105896274005,-0.727894169633253,-0.280877278949026,0.801412933995553,2.34177933743951,-1.42964165088229,0.952339380586379,1.18342817582772,0.665415102142308,2.94762400161856,0.557515862705537,0.349005855559681,-2.97109848468598,2.6570927536177,-1.05024765416089,1.10570727591986,-0.0155610975632656,0.863579646820534,-0.685921174050516,-0.784902400460708,-0.541237726178782,1.58750797310085,1.06200634248534,0.330442546553587,-0.333170025534692,-0.495894512845511,0.382657528339911,2.30661966156018,-0.0628388567041926,0.895633678900436,-0.414502789121444,2.77171393551489,1.65896460611271,1.52402227350561,0.90561258508543,-1.18595153968845,0.744655133535467,-2.2338222293441,0.151612034508395,-0.0323666198594255,-0.232251852554582,0.622229957733479,1.45939729686523,-0.009263336985564,-0.159666721236904,0.202163039781048,-1.14844485650464,0.285164293500509,0.110166860255209,-1.07309688450705,1.61256555154348,1.88369810397325,1.08059544719596,1.44305089369308,0.806866141095659,0.934334716225885,-1.05903169855955,0.440607887267651,1.43382413212971,1.29513930028377,-1.11185827093545,0.967573363477974,-0.353612404800231,0.105482488910379,1.35620624269162,0.562396162985945,-1.04669583114291,-0.00794630675130278,-0.676052819813193,-2.47477293109025,1.30952735184966,0.552259743212241,1.74810002764337,0.606542746188297,0.465345857645148,0.371523493317511
0.190223571514749,0.267051572904666,0.435472370898847,0.872963336414928,1.71894275924242,-0.658459422618515,1.09742502373524,0.806070381362126,0.668770012060828,0.131231515370898,0.353069122806255,-0.305619125447881,-0.464786160225119,1.57492166484378,0.993559668552348,-0.451451829886372,-0.083136826766703,1.6457432918449,-0.477814858896784,0.661115733050472,0.73699684494073,0.882359139678383,0.0748212325568825,1.09782088161263,0.145894668797339,1.28224306688545,0.223755580123115,1.07323582953257,-0.167497332259793,2.08135232982651,0.93003459630428,1.01748563114662,0.216046762602776,0.00577764836360822,0.149054143575112,0.329965689809556,0.370254313036539,0.138677826293641,1.08497316181056,0.461437075369586,0.423085253973903,0.400065030597181,0.88279956149771,-0.0306754649274715,1.35721457980767,1.01926800881941,-0.0595026453329007,0.50516313724674,0.26948130826805,0.655851708552847,1.65079918354469,1.52274437596456,-0.159457206766308,-0.333370441636806,0.32342859782207,1.13223693501879,0.802635440485215,1.28612163081344,-0.0549756517810249,1.22572634896686,1.3593361597612,-0.366766950141527,0.60661931520756,0.0115264147643876,0.390896264704111,0.0862060341783921,0.0968638514756721,1.11718784115446,-0.142946977846719,-0.159256968103415,0.94751607791409,-0.027001562346152,1.46270279590573,0.665910146175371,1.0435084653774,1.26848684255734,1.33844352817826,-0.237828823573924,0.601539827122306,-0.385261759967091,0.602633383357278,-0.422001890648872,-0.738360109993144,0.593568065871256,0.00277576954678954,0.955486568040069,-0.400504519098486,0.0251875181458107,-0.173050391049675,0.561727888586521,0.175030908435134,-0.357110164438923,0.0337247298388064,0.0252185648483194,0.551402939682772,2.00414499958002,0.957334929092648,1.11417923159837,1.3725140227556,0.365430221621667,0.719715412523195,-0.115850173001351,-0.116229304573897,0.0973114470937252,1.07938875383313,1.79050901047361,2.01605901958701,-0.487832997990141,0.130007865896958,-0.218210725965696,0.606522547911338,1.37060761430602,0.246619660675418,0.799134842127909,-0.647164674886049,-0.183374868970759,0.297687162850744,0.890758170417616,0.381450382479888,-0.799957371793775,0.533468425348043,0.0719605906643848,0.809785088203046,1.71687089031314,0.609722035815382,-0.364514128893587,0.176339713238898,1.06326686620878,1.26522264185761,-0.00108459846024456,0.610793983287671,0.516760749176786,-0.124780252211423,0.863472249998052,0.45603033481113,0.441964258806286,-0.0949162040875025,1.37195976761327,-0.928543244773029,-0.916949287041278,-0.0463746034764504,-0.0465956121968386,0.85879069677261,0.677182309018261,0.387412149604982,1.07333886323393,0.713467077972408,0.543737201763208,0.962166402573798,-0.193750314831955,2.39459266895571,1.38275472135783,1.47539641840682,1.92485874913962,1.0883297689157,-0.16809160232089,0.437547423249862,0.139241254693927,0.664225939446349,0.274548818157773,-0.396192714159378,0.437060367017368,0.443305534163759,1.27654775876185,1.26282184471012,-0.00777603033329305,1.32683915322891,0.561213838469234
-0.509286572531765,0.184691155198157,-0.816081981096618,0.687760503877156,-0.570447489991138,0.464134864028877,0.878139359537749,0.0327523428667849,0.0163922957085782,0.51833184905755,1.26292823424617,-0.760399054451748,-0.0348768133847357,-0.991141828835472,0.119890119996016,0.312318528351748,-0.171619032549523,-0.0740297952188419,0.815265961158683,0.534766974694823,0.998121233264074,0.334844266247377,-0.10276120401239,1.19389227088298,0.893386377224366,-0.702827350707581,0.811736991154332,-0.395816688067756,0.790952693203502,0.89021887434982,0.0158597977234385,-0.387122379815595,0.803840079980462,0.794857290204674,0.605757041566509,1.08776652217883,-0.244367828464318,-0.958074561004545,-0.520505073555443,1.03529836939787,0.375601319461384,0.981263575482023,-0.419316728214393,-0.854472254585129,0.638016333086069,0.570707345958108,0.05686054555259,0.198201418650272,1.47719981051601,-1.281649849863,0.777215346207671,0.557110705618547,0.519703796511764,1.59526057539121,0.389911687005138,0.542730193055763,0.883804751154647,0.522826250043357,0.530779589892917,-0.85241710852658,0.663485624294549,-0.0688181071039602,0.114706263528852,0.163665896595951,0.781207790032145,-0.36469629895943,1.56359331079518,0.0359947338801675,0.874047569730057,0.958025561296483,1.2508292954574,0.742419625782468,0.245444203003824,-0.161949395705492,0.576486162856466,0.0237964483566009,0.335204065508785,0.696946401786523,-0.502657562955063,-0.0140348325396547,1.19028321218669,1.0805842310825,-0.0804416666238727,0.299456523981403,0.384905540906911,1.14005731863998,0.170279305610639,-0.496730688409712,1.22212999562332,-0.0477726980313367,-0.251773050858141,-0.239352214937768,0.768301005475081,0.305040970330743,0.319457619402826,0.980549296129703,0.544861829895924,0.699161405805874,-0.0102017434679905,0.829289677819632,0.645577999241989,-0.913997342992696,1.13554190452293,0.334405258064796,0.250139482693747,0.163095293389446,0.574401048929303,-0.0027665774112568,-0.0287363636378254,-0.0725639431332744,-0.69436814062633,0.837193718920544,0.432063139838907,-0.0632371853787436,0.725946333895326,-1.17191262126848,0.651839771423584,0.485202475631408,-0.347527694687831,-0.220727158238402,1.17748419630252,0.374967175056467,-0.069725002433345,2.13035607686082,0.580470428593054,-0.729941386454776,0.837647882555041,0.122284899483736,0.48141789521026,1.05777532953999,0.634315425300841,0.891869441481975,0.809892074775059,-0.262598907774815,0.886410029205339,0.921022454546976,0.821018993533182,0.458232412755578,0.159489051196764,0.0496656865052863,0.93104903615185,-0.0789061769954542,-0.56538285040035,0.474711516915458,-0.240219547780891,0.584805104891566,1.05249602901939,1.25501837235607,1.27592703459559,0.225767261731092,0.524654426145122,0.26536735425967,0.889435601037256,-0.599181416719723,-0.238244700683485,-0.130942227362252,-1.54030722614,-1.89447364871993,-0.143512627666687,0.245124969166925,0.319148372671138,0.133460626599581,-0.0543351813232198,0.0523663202804543,0.672293683785594,0.0846543974923547,0.425073708891163,1.98884102510078
-0.0224586765402658,0.546291437382238,0.798581615518599,0.307695002840006,0.822902001163661,0.584184676594127,0.816231226227012,-1.15190257552828,-0.272190295038763,0.549316264813542,-0.337554771083807,-0.775191729376932,0.334521807689645,0.18108785616008,0.168116515577906,0.339550444289843,0.317003549612261,0.151987737181238,0.762531062444904,0.594562875068869,-0.152022444645944,0.47325615396911,0.630326445185141,-0.0554089846076975,0.81281719655354,0.0238091351051754,-0.673602549269317,0.245186164220395,-0.158878833523954,-4.86816163217108e-05,-0.132104597693599,-0.417650454752053,0.810706828273472,0.203048506462437,0.796618912859353,-0.0597999231059612,-0.0958193899618153,-0.0105993216903068,1.6060402751245,0.995710726337143,1.02637741770194,-0.083896312481199,0.401989031233498,0.300605168250527,0.681350741567746,0.0500972645055313,1.33237010456223,-0.895282015936973,0.185998726723815,0.0359945025638041,1.01642050034953,0.409522045509033,0.287217274273664,1.14342398340502,0.970532761651131,-0.190201196605769,0.740079522484609,0.665215715847364,0.611928655053009,0.663636083751798,-0.533549630001659,-0.579664444715158,-0.857450377308293,-0.661272437233019,1.3769647596055,-0.180041022613376,-0.492140076984492,0.29928972971614,-0.192515964020512,1.95366383669071,0.0145227017414563,-1.35628700566104,2.31801689867896,1.10801590105665,1.12477991027386,-0.458390180146619,-0.261916205088255,1.05590191067095,1.30783016739883,-0.10861253669007,-0.753354964349504,0.488890206707478,-0.432567055766181,-0.266674804924591,-0.911244534362111,-0.350602891920187,0.55363495078232,1.05030839645574,0.824408213620683,-0.183388328787752,1.47844724518187,1.39060139246515,0.172326986492637,0.08683098378462,0.527078294531821,0.432732336933167,0.970939184367047,-0.19340360257626,0.801963660572631,0.0166370777862257,-0.125046789592046,0.670429559991754,-0.74375940954659,0.712454628201611,1.20748036584567,2.26182618200234,-0.794022514413851,0.891515397071132,0.370790018135587,1.42746545673991,1.47943542645994,2.1784929202266,0.00974510349391433,2.10625870288322,-0.127039195680232,0.548866365866452,1.17562550265289,-0.360891718647628,0.283546339910665,-0.78310498496906,0.66675159836874,0.000647176711942365,0.971317725058431,0.861283087756051,1.35929641171462,0.0483093394906494,0.788850454983504,0.967002530791797,2.22510610164155,-0.674057298476057,-0.160098325311379,0.190343385984133,0.52989603894022,0.797130837688441,1.79635494827987,0.391231838197573,-0.751860478668743,1.76915243707429,1.27355335805237,1.12996091737492,-0.180784138419681,1.67875994813256,2.17400531447263,-0.551061942969585,0.501094998877128,0.0158155133169877,1.19710763070077,-0.254462938766455,-0.270768143229717,-1.06983610434088,-1.21823518529084,-0.190751831554517,0.122537302906904,1.58054678306377,0.127180719972853,0.860568996537594,0.529540390246117,-0.789232988987891,1.540210347294,0.359401135514678,1.22462132944292,-0.356447110454534,0.379890534941893,0.575750340536646,0.656496431300384,1.05245744657239,-0.486271781927272,-0.151108180209809
1.85862184762251,0.453127671928989,1.36027387501502,-0.125043817752746,0.622956295293283,0.138406579921822,0.482756284578165,-0.0357195769444163,0.265542022527724,-0.00419054104751965,-0.208746505679173,1.36888490442449,-0.925563445667347,1.73095081345276,-0.337351650213522,-0.151520376796956,0.534002244614088,-1.16714076450616,-0.412799888493011,1.41584172300043,1.15677616093277,0.441449696238994,0.390917480479227,1.33374692610429,0.702511274075672,-0.0598516100954666,-0.179826005589,-0.297202960535441,0.385424860558219,0.716968758054927,-0.351305756800034,1.05989134608766,-0.467986521681328,-0.0219230734039549,-0.427382394166306,1.12256226248303,0.27874305987803,-0.066600180297986,0.0917962031586532,0.566139930643448,0.22644677778694,1.53134262953288,0.106583148504242,0.51462705230557,-0.0598593356632532,0.47041600978008,-0.522753153684718,0.879641481988591,0.449214222871282,0.776130232530233,0.961382888129625,0.864205264822383,-0.625466391307574,-0.922853450899388,0.569520048362414,1.08074561771818,0.984538517024781,0.104049300601268,0.274416018631489,1.04309275402025,0.579371465045666,-0.291456192947027,-0.498068526963334,0.46671280709942,-0.996008502482862,0.880275723306052,-1.09558335071349,0.126546184285401,0.670840635867162,-0.166183200298653,0.146927292713749,0.269408096591787,0.888730464582758,0.0629339765041743,-0.426352339939401,-0.0111013626632403,-0.161049012360246,0.188064264026935,1.40435478198433,0.664087937716488,0.794992410832423,-0.244989098200893,-0.128263327498804,0.0644331100983964,-0.117160918539595,0.191507562085395,-0.0980213230447671,1.15648686939337,-0.102202006659515,-1.23450312442148,-0.258140009545579,0.185967424439583,0.300456038319952,0.32057638419145,-0.474848339644774,0.409708252968278,0.573641268615326,-0.0405861623787983,0.441679841998437,0.202846062481391,0.818178063516019,0.654332194276546,0.68030655749861,-0.419727047745526,0.797447068311018,-0.17351092440287,0.735269481011249,-0.914342662407178,-0.076932469489255,-0.08797383244528,-0.136236695772557,0.00708046972205986,1.18004621709715,1.57988149962813,0.202791035340251,-0.476030728373881,-0.564983301756626,0.43370363272236,1.16405590172755,-0.394989160565316,0.550358034522205,0.701085445699282,0.0996772407574773,0.942825276294002,-0.314618105366972,1.14351441504615,-0.435966784449617,0.275685565443267,1.16755263117553,0.440411434669368,0.141641457993449,-0.169419791646748,0.22742002950649,-0.504398829138854,0.209160416255417,-0.205130431175913,-0.592467878150682,0.329500518038913,0.474136812583729,0.131528116523157,0.580293602064404,-0.453348503938696,0.854909780039619,-0.306142478148607,-0.413414395242551,-0.264073952275279,-0.187282737889808,-0.135155596785635,-0.37940170963409,-0.457331980150643,0.540344849627424,0.465288469338248,0.471845090071551,0.68737079858506,-0.396680025440749,0.811537274692893,-0.382559000133596,0.162722611960046,0.816709657150557,0.363116671418619,0.519637880581918,0.608852712425074,0.366275066076401,1.03510031482202,-0.923479838608151,-0.0537912533491079,0.0926978917696899,0.353235968705068
-0.148659414750218,0.531940105998987,-1.67225691392415,-0.0721363060087933,-1.24908321893452,-0.323503120307597,1.31180584976863,0.834212564458534,0.225183144402584,-0.598398213916159,0.5325206466857,0.0905682116342774,0.203811880531391,-0.0163871041935816,1.83314276982351,0.694407624688536,1.49330893044037,-0.227402164529043,-0.357396267798801,0.751946193873827,-0.91036822318898,1.27032336027377,-0.724526238790184,-0.662349366399054,0.808556541179056,0.932400272282085,0.452571102441283,0.0493591331397415,1.27520319837711,0.528458799400109,1.13721430581665,0.864071675534973,0.586454558335452,-0.681377342690216,-0.415732119537574,0.429019760943099,1.41139677609818,-0.227560627937912,1.24739534057213,-0.0143180689941192,0.775366061981245,0.813275171864152,-0.077090738301298,-0.634523689507536,-0.471399195432262,-0.523221010615919,-0.411844993726812,0.966262526137174,0.832940847451982,0.914323903645061,1.07077664468958,-0.993217203688553,0.144803535360415,0.605056726030159,0.245311857327656,-0.595263729880114,0.627290540441746,-0.491271137104993,-0.420460344543096,-0.602330526840707,-0.877561177545011,0.464294203952392,1.64514646133301,0.254890451373026,0.312798909326371,0.550301217167947,0.520666149536641,-0.66940900460109,0.539878930279868,0.825954951202547,-0.220251073217813,0.131189374944576,1.42194585628773,0.676406063840995,-0.558708732232603,-0.265100405396125,0.860619420577659,-2.47506132519183,0.107977393269573,0.811724696529875,-0.00180272824089836,0.945776263136337,-0.0779779551063013,1.02021730956446,0.134877208147376,0.449399102877873,0.173961781350193,1.01628247462382,0.386552796295992,0.145604874089118,0.782616158226275,0.451603842182256,0.37431709719358,1.48332842855012,-0.252761519365803,-0.12416054955132,-0.42212042733859,0.115315871059748,-1.09062497459464,0.916739993687715,0.673596327290661,0.333780410748657,0.0463575452175855,-0.00612012540603313,-1.24652743058789,-0.00964116842263407,0.692754758712731,-0.294801243899309,0.998998478892093,0.433400113732663,-1.27900599262775,-0.329761372034607,1.02889974278806,0.581920183956806,0.275729737258055,0.472882741015539,0.00748091520636987,0.297116012464287,-0.10764599557092,-0.039476833294178,-0.097573733926757,-0.103672923599793,-0.717532094998455,0.896271524534611,-0.48942684509021,-0.102997397652979,0.820650409086291,1.15841678589667,-1.2397739920215,-0.342296535836269,0.361977131709881,0.649969132213721,1.14184910363386,0.649722872371462,-0.31519489146456,-0.164510389394768,0.36584004725121,2.01905227468913,1.25703059861871,0.327812935602057,-0.580304042727315,-0.753613645321248,-0.590644715537447,0.478425566118463,0.507407948438486,0.124014093803448,-0.265973178564107,0.677558095573116,2.03150308003456,1.11007988344483,0.745391173833152,0.330738407937321,0.548141260408163,1.80098112146037,0.121666757121905,1.0091301668929,0.961706434005477,1.09176141612528,0.0569409794443224,0.465765447594248,-0.453250780017076,0.626196780220799,0.399947115429084,0.132365729093504,0.471285193460899,0.27385899210871,0.197914715985946,-0.542657020447229
0.580524158496481,0.565962636251826,1.12906902994441,-0.370769826296807,0.102874920639353,0.804592730541644,0.269893479997986,0.264690104170402,-0.638495195477367,1.202499563755,0.462329213273896,0.123211047347833,0.415665590608604,0.414725994267645,-1.1510751441012,0.572328601101054,0.051281209660574,0.0882954619530597,-0.650046791462816,-0.363783702117031,1.18789284654466,0.535450842476049,0.431369887085661,0.135069464589665,0.0692592221133676,0.155245586766309,-0.160951476650781,1.21670310289128,0.353320476783873,0.788408843551,-0.21058145955697,0.444900189573234,-0.141141772056382,0.0700759608449979,0.791428883031542,-1.51560007196015,0.635971613308328,-0.468951531620002,1.01046924460321,0.297559426157298,-0.0632665033963067,0.592211459955649,-0.161328604801506,-0.354888760689662,-0.187305055159368,0.192296145372897,0.415046997547575,-0.483912864003789,0.512127347994996,0.917059032222712,-0.170022603560131,-0.00922047839204151,-0.382758849340459,-0.271201283635502,-0.972363762061606,0.347793890961766,0.519997866982014,1.08480271112335,-0.12285690612305,-0.162342088528356,0.878628764661995,0.107010714198618,0.513170463872701,-0.827845066673051,0.931190550815782,0.853391671672222,-0.243491664741163,1.54652020541755,0.0549797904669795,-0.0081875097160275,-0.105845361452144,-0.453764905905183,0.330634774406322,0.073648506446094,-0.315326471691038,-0.924409268894926,-0.204766251072187,0.0137733008979234,0.0518553568397146,0.178195170944637,-0.163738207210942,-0.0597034234925774,0.637579019918005,-0.948108060627002,-0.570109257783016,0.546129238451585,0.719560555796511,-0.363727938533325,-0.45619542587768,0.487388505052484,-0.283204454516169,0.546483060644315,-0.633483076286364,0.151549785673458,1.09911878094077,1.20165030705661,0.339083544155249,0.181116592498827,1.01458007245488,-0.128203469618598,-0.216646649315932,-0.321247100821952,-0.601381751950942,-0.041406896273858,-0.114168587562434,0.299015642707116,0.946015548230579,-0.0573577374304655,0.394000162353282,-0.360542802218163,-0.0726427947780798,0.944821335785633,0.351687165990864,0.0994747600522352,0.177230648560503,0.104718467585427,0.918545565245218,0.261953005441156,-0.194765695646247,1.15484577726676,0.429484333222554,0.89169037266529,1.27790355224473,0.31489335723448,0.232489655188931,-1.57199897707706,0.176511038906759,-0.531610567521803,-0.017415234646184,-0.381715436374265,-0.979076196902393,0.819047986022792,0.099801365769504,-0.0312618973557,-0.0585353138520398,0.170532313509137,0.295026541002049,-0.31634364586804,0.990218262759692,0.913853437797369,-0.927836795974302,-0.238341903737832,-0.383883320558537,-0.166963302072237,0.675843719655233,0.161430742202752,-0.50480955238239,-1.93435308193972,-0.146859197341885,0.650035279598162,0.419517474910196,-0.251609776910834,-0.872376986924487,0.127351617009266,1.31726639357391,0.0309147481533082,0.461996158167339,-0.0917793856230005,-0.667160675154219,0.420417914139623,1.19699179708611,0.576874288878124,0.0394159701164825,0.366825956695511,1.0938235524275,0.7870049338209,0.813030886215829,0.432274025861324
0.734852809954666,-0.578848413811463,0.427148069838935,1.10922926288872,0.510486672383603,1.90522925288911,0.0921141382749482,1.84828208352909,1.42606405656229,-0.193009935326621,0.313834664847166,1.68626907443912,1.49093446971836,-1.07775863171104,-0.764231053638866,0.253933935899807,-0.202574813337679,-0.650207861267955,-0.00568979112949553,1.17428745405104,0.273295338729837,0.370416708174265,-0.375910908684176,0.0722859290126202,0.164510830132983,0.515511841645606,-0.495147060503699,-0.176387911612362,0.82908787482536,1.11742317766075,-0.506604981934445,-0.400044096727727,0.959379451653223,0.758694508281323,0.931663207407987,0.597433822867483,0.33710486868721,0.218784844785801,-0.245971513617918,-0.320902483930805,1.74438678975404,1.03604861918838,0.673674360906974,1.73561859484439,0.573540937430146,1.18861016343063,1.30082448976555,-0.0683533030988255,-1.68918429215369,-0.281492747838594,0.0783430168277037,-0.00310564076168524,-0.00086920014806452,-0.318317145783357,1.27941936479733,1.35144576155681,1.41950882397954,-0.159630173277399,0.243875590741771,1.60552272028628,0.428081037355516,1.04637872943638,0.227089149619122,-0.268572144732245,-0.203524940454525,-0.43954263057669,-1.10692609364478,-0.260937625739701,1.25935825493628,0.666575954827841,0.319362703434852,0.0712681509162114,-0.232569474643623,0.760244716766052,-0.131660861661769,0.41780310505943,-0.189158400534935,-0.131585068231149,-0.415546579987574,1.29205451698198,-0.402431771998945,0.383526255334343,0.18749440494932,0.662499462596783,0.145765172994391,0.0607771088104259,-0.926676186658849,0.300353214195147,0.0187366503583823,0.385410833530249,1.28561292231488,-0.367435326209521,1.34827197923921,0.778501834436388,0.351538003668135,0.885875194184016,0.430359077629458,1.18406307850066,-0.903972295654351,-0.766138520647782,-0.64074681344038,0.777986001619527,-1.11289445188887,0.610400202789321,-1.04982945644632,-0.290216180706489,-1.02615553306318,0.294460566711041,-0.375254341820724,0.777887338241893,-0.137229653299963,0.509928774957241,1.88379307093492,0.370377086876734,-0.498942463233192,0.247315767211347,0.0974308060328744,1.17590225791997,1.17466440107641,-0.987968238856422,1.13264057955546,-0.842493017861578,1.18907551070117,-0.090441526494288,0.270190834167631,1.11274968679857,-0.598945173924779,1.02162970205577,0.554630856987474,0.378234091953898,2.39584255673393,1.27622944577354,-0.61700045768332,1.44433592465206,0.0994602932223092,-0.519663106408355,1.82536172483562,0.0569432951217078,-0.411737471679125,0.403293797965792,0.555659082910786,0.881881983440219,-0.580843550989597,1.00405771457047,-0.277225169253774,-0.91265017762535,-0.190288253408537,0.9714646348101,1.80831152048476,-1.10674320202204,-0.114950103600644,0.925681807880533,2.05531485568267,0.0822955854731632,-0.0794624089592682,-0.612196261402123,0.136151601182342,-2.10277951899161,-0.436549105493753,-0.530484893874398,0.469945136592077,0.450794959518461,0.944885360153922,-0.131411602497886,0.612647286978269,-0.635835394987841,1.46858453355944,1.69081793324109
0.571995567126464,1.81697569746033,2.53472037276864,1.2610115176298,-1.79393501512078,1.33699189152982,-0.143083063796269,-0.506014449035732,-1.15211183864372,0.420029239871692,2.78897230484396,0.574479131072979,0.371045107425065,2.16842035544334,-1.72892169789747,-0.757321940792745,0.19483965930615,0.262722921275537,0.364318294114686,0.384016857118933,0.131137465654902,1.87040383353246,0.257096612852721,2.45151523690763,2.03015287888582,-0.424938452933719,0.869249983765743,-0.229077945105236,0.571243077359755,-0.362097059053022,-0.385782007161982,-0.444642928834906,0.151036650153811,0.18708536140354,-1.68856657943359,1.322163304779,-1.11034958810525,-0.0506523896360817,0.256894796979222,1.11951500763554,0.508554224975585,1.9533723209743,-0.53094371050957,0.0572453855192523,0.53017008690201,-0.00378625836324489,2.50933581283165,-0.797565256272762,-0.853127179424734,-0.127013185744665,0.251140661761069,-0.0770816042069032,-0.849482866288726,0.150067350047128,0.443475429755865,-0.200857375910165,0.370358027952658,-1.85592588855199,1.49639314512534,0.178384338282119,0.609801295104834,-0.671369715437876,1.3665342234038,-0.997412678459506,1.08838696832815,0.606621226088509,0.990950597951406,0.635470781325226,-0.760917737714442,-0.308077385901637,0.124682392388795,1.90915856091936,0.038939061017659,-0.305819467955989,0.850669688530298,-0.149841674601506,-1.16590458311216,0.200462352713163,0.589123416123243,2.49301621058828,-0.664021715629786,0.599772481444155,-0.00429491648794983,3.40177902529936,1.35447630388075,0.22476094952937,-0.309518516957562,0.030512884631568,1.27917284028007,1.36657908250907,-1.32489536074912,-0.0984474129753989,-0.867534538312078,-0.493483663659209,0.778337957157437,2.00982189186848,1.28720327678877,0.267789169597015,1.02361061134726,0.0896205015183393,0.120717223732226,-0.970809745243111,0.0103041145123138,-0.272125652864585,1.77156417976229,-1.27867110973708,0.757279976280313,-0.764490766950151,-0.43831769748336,0.378749378473924,0.899791255340161,2.08641463406264,-0.971967464960011,0.968501026519137,-0.543590232260355,0.87025928568075,-0.108931157995772,-1.03608437075834,-2.41894834596773,-0.740962573832211,0.650269900487463,-1.2069091752008,1.23959924782347,0.00630709524310225,0.367732980122235,-0.997293065411402,2.24063892382886,0.531462494755875,1.73009390411761,1.08567381781653,0.240837142782267,0.790551781981039,-0.719530328615807,0.331718846810299,-1.7923299149664,-0.113558760161766,-0.655808438086456,-1.00738509536864,0.694189421620528,-1.15345304170704,-0.408271195501321,0.688723636110721,0.859923108492278,-0.361698009145517,0.831840585962742,0.446720181757006,2.29533669719468,-1.46909772132718,3.17010670914554,0.152503701666829,-1.53841875959325,2.13306190433261,0.6353359175547,0.0311970286096111,0.262817686259578,0.0398627591276488,-0.194365784206588,0.821807658809762,0.872425077473819,3.66021996386769,-0.221179614196662,0.941406178344976,-0.681195992242611,0.869673518190158,0.50264033306275,1.58772571544927,-1.34141330084881,-0.513224818298891
0.621770615774524,1.6370094857068,0.989057354261429,-1.06236810145527,0.0726186964315818,1.0558411990766,0.43843685931276,0.413403783061932,-0.517057842733395,1.24064889950286,-0.385830561728853,0.467787120570705,0.752551273256027,1.26810748079163,-0.552467619553296,1.12793928665198,-0.193873879460645,0.157996015170755,-0.22023580078814,0.406537002577307,0.226407214271302,0.839591439846022,0.624662539285665,-0.659057470243668,0.682627588706139,0.0898793126808654,1.77350504395397,0.598782906856847,0.945343272700562,0.791308989642487,1.13866917939717,0.276748940319542,-0.463368624731161,0.608449504633173,0.128155949746205,-0.225569939498914,1.69314742063258,1.6378252458525,0.0736229780328782,0.837234822672257,1.02657220591212,-0.675237266113106,0.619636102655907,-1.00612024498376,0.949383337635229,-0.647782851226848,1.80496915928105,-0.661587214625552,0.772493490909868,-0.436220428531614,0.19061259970985,0.924700522357546,0.400650951394548,0.786458830551006,0.0300264218624905,1.26329544850048,-0.712612082253646,-0.0446113163181254,-1.0955034546766,-0.185830395380668,-0.243803263906724,0.786566399518055,0.962829859349251,0.143146749656701,-0.787390107313713,0.831907156729356,0.599969452761255,1.0761660613613,0.875652615779207,-0.198730090796816,-0.417968886898613,0.076187292195258,0.693674604398858,-0.257500006886243,0.00688582271331706,2.20847504514948,0.733421309503214,0.98601921988211,-0.0340199730137723,0.993755802631695,-1.01178101508854,0.676247930529696,1.24832033154339,-0.509607239163758,0.0983331380445356,0.214402336591969,1.76235630322673,1.44699043156671,0.547237678160541,0.795275859223768,-0.541489917884734,0.0440329046152231,0.0746122215124003,0.786955924886512,0.881918075692082,-0.714785204257741,-0.618610265049642,-0.933916749376766,0.516716768024259,0.178965546724097,0.0689470836942363,0.689784857422174,0.698943235192863,0.394603349261835,-0.392712307860236,-1.7881945970092,0.173755138545461,-0.0405789132796187,0.288405273605321,0.607118426162622,-0.364195383303351,0.348515180759161,0.112816697341859,0.631910525563717,-1.90139947212236,1.25610217658516,1.93731129024229,1.0911758462207,-1.24344670800774,0.324178379515839,1.06588975894392,1.01602098128216,1.58855225697251,0.15143092797843,-0.163597111417199,1.35760596300151,0.570011298093483,1.34976963573854,-1.83143459002307,0.149943572654385,0.0246877068462356,-0.278338865596526,0.417653588650194,0.140633957333571,0.138342854855575,1.40773106323702,1.30714792554788,-1.06041607400217,-0.315808659551477,-0.25735764715703,2.08972327426791,-1.47651497287864,-0.0206879432093965,-0.79515586575418,-0.556956697707792,-0.926827635136612,0.16415536299663,-0.957985511667858,-0.0326489864521813,0.603525154040136,0.729000291843754,0.66503624720443,-0.309744516006486,0.872191472187625,0.411440339627103,1.52056857674361,0.695240957132809,1.11023157136716,1.68913790627393,-0.728364181492004,0.25049859399667,0.639331587008634,-0.419587927867834,-0.121426332364577,-0.715224566451108,0.128690843872765,0.504761141269591,1.49144497341568
-1.99921120884182,-1.40300511569818,-1.61196656903169,0.0306048216087006,0.0571922670992118,-0.597357407489712,0.797300883223893,-1.70866523149132,0.839984259932864,1.44326528868286,-0.559628542745672,-0.322587189461985,1.24346619901581,1.08964326579651,0.287511642332109,-0.229261459588254,0.344077302830684,-0.0539488966368536,1.02725628899417,-0.233875321161476,-0.412941120930036,0.369975451241986,-1.27316785563043,1.55282580147106,0.192121687316587,1.04495634012672,1.25327939656621,-1.59335713120866,1.18589888675674,0.0885517363345577,-0.320054027702372,1.19759652683997,1.13601178225831,1.5905804377091,-0.286044285371977,0.257646180500782,0.530823061003593,0.158806128315137,0.149625880818998,0.229765267113506,1.2249288508408,-0.598847483756463,0.761789082874026,-0.171002263918849,0.965173231281316,0.333813012937419,0.195537530216239,-0.581976334008847,-0.141861843961852,0.755228283177373,0.2962720079529,-0.108884882761262,0.215854131646018,1.08428503624049,-0.789437842895953,-0.107065585255437,-0.480364929865571,-0.942634193299521,-0.391127442639477,0.892627567611893,1.03600243135228,0.533866198116253,0.493443377349142,-1.3486646740481,-1.18985158904301,-0.0538354733917356,1.56736279680061,0.679364701320117,1.88854031118259,0.715002715316114,1.57667470012335,0.947532064141906,0.256381952896128,0.592992767991961,0.363349876554918,-0.464085735306801,1.31102748040061,0.949523953865561,-0.808217362013934,1.39643801572772,-0.478868714361086,-0.458237078191593,-0.930643802364242,-0.0634906867964326,1.10597392656586,-0.0719799223553373,0.682872689319028,0.921097489618678,0.00651773421056281,0.613040297570238,0.425064013057751,0.85356441974608,-0.39757379039275,0.370651357238913,0.29829237788108,0.719771945055075,0.615895409470045,-0.975357649599737,1.75068415273939,-1.00870565296658,1.17811019707752,0.959594323597811,-0.273992126499313,0.52333504890019,1.41377044810644,0.466155613288726,0.0131136218341476,-0.791855041107731,1.28697945364843,1.1714569423678,2.37474102893388,0.0318497909138444,0.758008414318591,0.99811877854572,1.56076397729485,-0.447833817749365,-1.51132825297604,0.105011104170111,-1.47335002253769,-1.12679702207899,0.350025193645533,0.543487951134142,1.56182642858291,0.799861059514308,-0.0339956725416593,1.67763627954855,-0.58274270171144,-0.0134762853251409,-0.434863141427478,-1.46631469735524,0.21782614923002,-0.4258391927519,1.11583380408335,-0.168312059963158,-0.670880950852861,1.75375420977931,0.617400278649971,2.54278525860664,-0.00803051577535435,0.58732040942154,-0.679589381875398,0.602130168917296,-0.307401244389455,0.374222932298024,-0.0548110443771144,1.02740323807001,1.20406908341133,0.011844714758367,0.313753611081776,2.57082114890279,0.460216692672616,1.50947799129391,1.55075497063294,0.0924972749834694,-0.459459833751302,-0.92552363342287,-1.03485578269305,1.5519232049828,1.55991812455739,0.565350834711561,0.272516921791304,1.07107325058454,0.115756653904495,2.55446537938153,-0.707102721858797,0.0467062427102595,-0.0585706732805986,0.306737880192384
1.79494477524414,-1.17937413453783,1.19185911836559,-1.23318326776852,0.908784901668273,0.17184325753671,0.528043217129381,1.81683475573934,0.124059764326312,0.715561859985001,0.780538469713898,0.394547059289527,0.119119841787811,0.948889428309043,0.25140847280234,-1.39012116025375,0.528510635346291,0.292925002922975,0.23056555938168,0.864404776035721,-0.181578905970255,1.66959925016806,1.77873157206342,0.561494559719451,-0.332296537222941,-0.565990883359611,0.408350572561464,0.610728073311007,1.35593737534017,0.0494059767179771,-0.282823762264606,-0.0487427768008821,1.63749151280835,1.66335044163081,1.8421727743493,1.15299432723107,0.611202453729297,-0.0359650997889908,0.474077760429551,0.892655462276204,0.317876670728301,0.0721429200638828,0.233751698783662,-0.428508745026058,-1.12053952991407,0.80783013551977,1.47102165096527,0.0394539890538075,1.26503177794424,0.691724148617428,1.57059477039031,1.79305816005069,0.19653710671834,0.612312913935644,1.2071513445445,1.04244215971662,1.534475948696,1.53756756745474,1.15137866530052,1.21207738461212,1.01345118167469,-0.21066570118733,1.01919232313292,1.21804081777348,1.75545714708064,0.105540544394188,0.724553226059301,0.447829486421678,1.32244191049,-0.516734948153528,1.82075772434161,0.394687063629722,0.424678394952725,-1.10679673220129,0.312993273519816,0.144929989537316,0.280346119008045,0.722993542082119,1.02084597669174,0.70205201313919,1.16462739660964,-1.05186863434596,1.25023748013479,0.927761662226801,-0.513253983179735,1.49687053115459,0.426906126332186,0.575282520627347,0.938372593070469,0.502554513041243,0.0965370641284334,0.444213917282327,1.01830505154159,-0.115629063125277,0.289861763486467,1.32767814921702,0.277326025378245,0.954535254567211,0.424306445729117,1.02821891850042,0.998858224152519,1.56715326553082,-0.178263299547388,0.243995000053777,-0.111496679229166,-0.419060655034747,0.594525733322276,0.060604592327221,0.557474797700509,-0.0335006930371152,-1.05428372387177,1.48368436310367,0.549035289031983,-0.801912504752062,0.0417120202894778,1.23621783659159,1.90613842519413,1.61233468584147,-0.540858439689898,-0.285181030426648,-0.053383283743043,1.37842136543832,-0.796859614653825,0.183232840599177,-1.0531257219327,1.09672549565865,0.995402703726314,-0.0512750515150601,0.496744863516923,1.28393098599315,2.01367167699536,-0.225839855255317,1.20896761725106,-0.217107802702464,1.37343020416728,0.323911210017773,0.105150465872675,-1.28281317262693,0.532301041949103,-1.06702950684931,0.681801538697289,1.61984907941705,0.43532303671224,1.00604216500448,1.051903909161,0.508177161660474,1.93678036685903,1.103628604318,0.558878637001149,0.684618223945922,-0.0837118804435345,0.986281433131659,-0.282093115201445,-0.185189711907882,-1.05215399132353,0.635354994842098,-0.121132089251856,1.17845140782322,0.779919038903253,1.60131793960808,-0.419999926207925,1.11095262753714,0.797249840809191,-0.681276190839394,0.929971603994097,-1.44885994197531,0.65314256845636,1.59586836886536
-0.0409240978236647,0.487521295624896,0.607669873223872,-0.430647327169905,-0.326518462066549,-1.11577936440203,1.27798372975804,0.415252065809048,0.556949354006073,1.24667834567611,1.5480756100766,0.0764810054477023,-1.82708647933059,0.259085485817331,-0.858634826417256,-0.285167103553156,-0.373371197629838,0.342510359259046,0.89766335669258,-0.0666442061015475,-0.791372630825475,-0.444182292769863,1.39842530679005,-0.101632601197591,-0.167105404839054,1.75563232378681,0.206210540027295,-0.419294245280426,-0.619134062840919,0.669545371193874,0.444927673726382,0.713982555330649,-0.205506844938183,-0.171929015186379,1.06676481246594,0.531104462995756,0.786272643042516,-0.356524757422249,0.668780128424786,1.21511309030979,0.228220316893919,0.815994152279747,-0.32636233650244,-0.208262210431795,0.235181006757341,0.534047331998568,1.38572137235014,-0.131084400152485,-0.50563564362194,0.356941439088257,0.317573708568513,0.883271891068604,1.13562464783139,0.614957323028784,-0.625750482371818,0.0931669997755381,0.457578260419091,-0.364352321575043,-0.00835198444066787,0.0404884882234745,0.700722475409149,0.63907360666167,-0.211010749766256,0.496472760440378,0.50390880898395,0.135921081880363,0.105364271638543,0.160979915300061,-0.459645256090695,0.776934352848132,-0.143832030219274,0.868152837912443,0.503319666134939,0.248353499550789,0.779047883707359,0.672338407537048,0.36151273986144,0.118223691882254,-0.628704195124109,-0.344979220996816,0.385726065449758,0.891331328103766,-0.298662979411323,0.0114725849013165,-0.67957676723009,1.28434578693555,0.151825264058658,0.932731810635067,-0.341739417559945,0.0300600320359123,0.870226685881936,-0.198960073190094,-1.40864819818054,-0.0607301403897266,-0.0416378367486479,-0.318764979472367,0.539339509461684,1.33092986997961,0.00316776059464124,-0.300311045953171,0.485171819408423,-0.0614508496267331,1.72317433224955,0.291782292447208,-0.382247219982645,1.11276154242957,-1.02174962424184,-0.089251220559326,0.280964729429867,0.391912971758485,0.333588974385777,-0.219588889259976,0.560150511395334,0.619193397046267,0.832742026569428,-0.922370075801959,0.328861051441183,1.09204175885581,0.677024698266586,0.0565192094393116,0.466322687657413,-0.36732769060627,1.29876160672642,-0.407620848308975,-0.929801475326672,-0.989709872533966,-0.345363552887903,0.510051210228547,0.213773892912485,-0.0443275599579351,0.38699610250964,-0.241095169522483,-1.06294248042126,0.773560313341926,-0.529222414910836,0.810041593494575,0.61828372770239,0.159111802670056,1.23016439616881,-0.764766016655534,-0.134174623170778,0.246884628946573,0.852668916836468,0.210362577270667,-1.98562346997985,0.199475090304071,0.238220921092282,-0.0779756709111702,-0.736555139212663,0.621901720465688,-0.359662366481155,0.602182333678271,0.274161045287173,0.333753806750552,0.816085236382643,0.737572565280769,0.32803751409195,1.14274324398274,-0.708965334515498,0.933618327074663,-0.446453756123627,0.122003427829937,0.514622206495193,-0.456681895609572,0.669692028477382,-0.854913066601457,-0.527044205738266,0.493048777024225
-0.0365594613260678,0.856171915453113,1.16792893097154,-0.120484760961024,0.644106194435686,-0.934651182114777,0.125171163252513,1.29070294285243,0.548737479306763,1.01068874281178,0.9945307318844,-0.0621342078331305,-0.386218947556084,1.19184567119336,0.300789430371204,-0.208328092731247,1.38401369982881,0.230302969799144,0.8637302956,-0.527755458984342,-0.0738325944085354,-0.513714978522627,0.712987712741328,1.60286630891911,0.292476956629768,0.696378058943243,0.2457294690389,0.479700416389672,0.526028602422297,1.2171914788963,0.476631392589524,0.280748324293103,1.24538408113064,0.563322798528559,-0.258503707189799,-0.250837234289034,0.581982491909086,-0.450420550634381,-0.904737854015988,0.0746937914854082,1.17767401211109,1.12228646386654,-0.583522410186943,1.87937724487383,0.851393400519778,2.10566158462399,-0.888919361975204,0.770830075244265,0.902737781994598,1.49755965365557,0.691852174969002,0.384652525889093,-0.245494477361689,1.10573011594684,1.2950582024885,0.752954107094704,-0.120612782463715,1.40158510919684,0.733650732138727,1.89891807817945,1.03631458826147,0.0840914915344981,0.991533799878909,1.34620618756417,0.279427559986945,0.0297601013894513,1.51685754474697,0.65034430588713,-0.673368593965945,-0.195960153021414,-0.515017654600033,0.340963256646343,0.15095161675689,1.29972419056621,1.71965355746718,0.675101370929857,0.435102612530796,0.725466991160215,0.0363628747894684,0.625485293872799,1.35024930761502,0.844063725267201,-0.386431014327457,-0.117390162961885,0.543206708695184,0.980027408732159,-0.548429335597782,0.624945488720683,0.78568778177897,-0.170622007341437,1.04198613853067,0.630577716178125,-0.496916908220905,-1.89409883329224,-0.181006892874369,1.6940602874362,0.336514031787817,0.806775376284438,0.171974501005011,0.714042506467851,0.32755484139178,0.704011108934256,-0.553470416472301,-0.213703532014553,1.07033641142403,0.217634094819872,2.01899788666587,1.02697078729906,-0.591669962152839,1.20043841616107,0.640806655130786,0.197628937601874,-0.159585529923361,-0.354345878969154,0.754148885635319,0.291006380937263,0.397492398239388,-0.680986373929017,0.770726698390447,0.638939911372771,1.8989508948215,0.66792760580092,0.138825406942129,0.201422971301269,0.433769139680394,0.784712736683377,0.11248079513735,1.36675456803203,-0.403415354726546,0.674207394732929,0.268594638916458,-0.582796226011157,0.665613473979118,1.25490767281348,0.786287835580287,0.290702230986173,0.656669627755924,0.44044996539167,0.417465538329691,0.561180322651552,2.19853421592573,-0.514930442541441,0.14105622712079,-0.619292920638559,0.792073101962911,0.00817694697996424,1.07594790163937,-0.2768882069169,-0.352315002374764,0.372388469530916,0.973030877088237,-0.806775015609311,1.68591202038866,0.280573722539485,0.156801673567733,-1.64834143645865,0.768864608218534,0.969431499811609,2.19222155296009,-0.604974801132687,-0.439860698390375,0.594033130618937,2.11539130549797,0.368727375211858,-0.71707215609386,0.305198212721473,0.65441725117817,-0.231784953894352
0.923381240874669,0.308900702436424,-0.288647895097536,-0.170568852920436,0.187349108880362,-0.176814815861331,0.254062533877143,0.168917272112069,0.241264279850305,1.08267172951251,1.28294479747239,0.157472092720642,0.531893135822614,0.269742864126969,0.171204767399757,0.581916018512,-0.106033462639978,-0.675927137711541,-0.32170429635504,-0.203396084062771,0.625044864507102,0.828020618103928,0.579146699254076,0.797646674094491,0.0940853087214551,-0.370877168420067,-0.44923889622819,0.805676868566323,0.280664607587436,0.278581553431664,0.665032535702459,0.269783517440242,0.447194103989626,-0.0173287980706754,-0.3267469067273,-0.910183836816886,0.914048766399384,-0.0924413544421004,0.271305008905158,0.288866206102919,0.296062913735383,-0.01244613640993,0.282344499977676,0.368768651684257,-0.161633975193036,0.00375734630716718,-0.888615946900632,0.701153737215789,0.438846907444063,-0.552563210414211,-0.422607175983723,0.347327448011893,0.138215780954814,0.533286680695077,-0.010032347258185,-1.07362299531329,1.37377871913876,0.277440605869012,0.539017386404758,0.0453310801139097,0.453891731454345,0.393191690141467,1.07367480164717,-0.29893705439391,1.21206967013052,0.466910447533174,0.745874959872744,0.316890750299888,-0.814766600524763,-1.05716587108543,2.02914468655218,0.243241635048954,0.626636104687559,0.0283297117418554,0.208958558958775,-0.678876840469759,0.412812358670475,-0.493649653538604,0.450915491838886,-0.492113487739743,-0.40161253460655,-0.500490856577226,0.179337701016377,0.40911405664033,0.0842449466382049,0.672975636190235,0.66416006018511,1.27150983551546,-0.928686855677894,0.0160636457079752,0.615776122627117,0.0302378715676165,-0.659123204816395,0.553450373020136,-0.206122870972675,-0.0818348212221038,0.64945168292786,0.495745728524417,0.169922152045769,0.556518404051811,-0.440427338644583,0.393191235509017,0.176222579173062,-0.0723030170709473,-0.493894776593142,2.04600557588419e-05,0.444508028564764,0.256826002913237,-0.342490286130201,1.17744259286925,-0.271040743871832,0.570884021175991,0.229612980019709,-0.315251972591475,-0.0238291566167234,1.46902448135607,-0.345764802722976,0.249350192267428,0.90674787908043,0.0374279072124225,0.34005557212071,-0.263418813965691,-0.431235763309519,0.891396476065156,0.518257998909696,-0.926341949731743,0.357519307531679,0.102734871272503,0.589728310409386,0.340267164720728,-0.434835856187089,0.509759629772761,-0.363440571902508,0.209201047172061,-0.572109365776433,-0.107590405957779,-0.141636023664226,-0.329192053855741,0.330596901113354,0.304557731395741,0.0150057930733521,0.803630739610514,-0.60425042213738,0.340404850876092,0.375920580133674,0.272489077192505,-0.087870130444765,-0.311968682049378,0.337205212534738,0.0699569906472041,-0.568914891724787,0.872070683280552,-0.183093793516664,0.803745546029328,-0.459840431484856,0.294690115839699,0.456838554469006,-0.0323135317697221,-0.236260993463453,0.70176729537266,1.00689663459684,0.384804353782536,0.850934981089021,0.163311864249694,0.559504506222075,1.23904327209241,0.779926407773943,-0.404246113276321
1.22790838912789,0.0813186114547971,-1.47932527184381,-0.197831761657741,0.116352850918956,0.710313347227903,1.8033426278368,0.984115411100664,0.642372734402711,-1.43444753791032,-0.877746405328327,0.826677222140363,-0.00414479920794678,1.38666227251816,-0.132831170584968,0.39019518108075,1.5435011173902,0.0131038661435068,-0.0824763338564483,-0.499464980834357,0.830446926109732,-0.147356598690819,-0.229481226831155,-0.089520460633474,-0.978753774879511,1.33817628672988,-0.676251159246341,1.53476077799386,0.396082064668079,0.424270281850317,0.384971404850845,1.05133113648426,0.374484200613409,-1.17533911438077,0.965506611362324,2.01364117826099,0.0699917666564412,-0.649186036661122,0.507087620442743,-0.053537595529782,0.268712855842035,0.751059178772949,-0.188160827301025,1.69245583085909,-0.293978911181152,0.55939086053072,-0.651369378065536,-0.704149902192528,0.221021157798512,0.278349309359499,0.919270802980623,-0.999098596969228,0.433390378727623,0.471610177803287,-0.292887423581782,0.419928964644269,0.184478473305661,-0.521879344663839,0.250778223039072,0.17165328984209,-0.577183476265694,0.693645743037005,0.468071155579607,0.686098677154402,0.651739859955535,0.401941949432055,-0.576153350891447,0.641928192942954,0.599114564503685,-0.0513789284630908,-0.404452595241116,0.134424613492387,-0.299512723107794,-0.588103590153802,1.47799105375443,0.270838855886789,0.408767055691762,-0.479432151825928,0.534154065127332,-0.34234181115501,1.18357727191838,1.14412864095008,0.0869670661708908,0.209247809068037,0.471746938338728,0.326902176682413,0.124625225154244,0.218239466457956,-0.593195451597024,0.417382342917809,1.02065284366499,0.849784286695235,-0.513968826780405,0.755303150096372,-0.284786411470634,-0.539557699067072,-0.153863364922278,0.0725744974019588,-0.684578798324287,-0.420431406538433,-1.50783272337395,1.74071339206869,1.09255711714675,0.571284368502968,1.08133710434476,0.794307179732757,-0.411681580229191,0.338003394481979,1.21606512947141,0.863564426235047,0.604535402958053,-1.61900365389424,-0.381494691776277,0.864589888821989,0.879655170898591,1.3130273436358,0.0363662525114416,1.0840639502225,0.390549629114507,1.23070772769962,-0.522177617336949,-1.33961094733892,-0.177434782527424,0.936805870990857,0.656067913117039,0.629851924220177,-0.0549287298940049,-1.10217412507263,0.361930222720075,-0.729315017752798,0.822201324485337,-0.0359979028143471,-0.489990636037922,0.835547142061638,-1.38237245348061,-0.14281802980182,-0.26705915208004,1.10267242014623,0.159405797269941,-0.239956174759255,0.855195239922457,1.25847993484646,0.378702636584546,0.44059431082651,0.680911935233512,-0.470743375078291,1.02891841311686,-0.534881472486485,-1.84227268510167,0.492100481006135,1.74946108816854,-0.933944279522983,0.286501102176209,0.981892101429417,0.125445157603345,-0.764622510749963,-0.0890868857712301,-0.413202820619398,0.864262795564983,0.427111712220871,-0.0962546114076114,-1.23383378341228,-0.10821750780701,-0.485465879767336,-1.31797221453698,-0.210753989025178,-0.126395057003205,-1.12029729181062
0.707126411218739,1.34839280288411,-0.525401791958347,0.612697197526849,0.768086439119402,0.0710055696279439,-0.265592584690189,-0.447517614011974,0.547691557510317,-0.783914305688508,0.670988616087386,-0.0930335147479414,1.1344683699068,-0.258256857668373,0.522451380248835,-0.132167133477777,0.119380983899992,0.953686463509856,0.0992900480271606,0.744209330228754,-0.105865955626526,-0.152627800285273,-0.0592687932219998,-0.664746648896863,-0.104249699188316,-1.04853055019179,1.47912504932498,-0.264134394518305,0.511333900835694,-0.185023072710595,0.659460456869243,0.257324707773266,-0.773137738396886,-0.510392277547316,1.23938538712256,0.650583804292254,0.0995677488208805,0.0474219256124309,-0.045740629293587,0.129729644212144,1.24543084666274,0.0713727687128196,0.27465032919383,0.214346977653419,-0.113308639304643,-0.109642101072186,0.441915343363309,0.435764028425392,-0.444716865713656,0.414552505671471,0.113680944218888,-1.15740887014706,0.927189771827652,0.71410220829336,0.0458473347653775,0.529683649938685,-0.400595564784831,-0.0766965259135541,0.113257802474455,-0.134684382426947,0.421366318294733,0.241393020073005,1.45576298937664,-0.696778834185328,0.124994914309281,-0.409408972712244,0.713090847844709,0.45446344970956,-0.308347767793246,0.923154775169053,0.0439238053308579,-0.118558555798696,0.657393696154209,1.43090192130695,0.0775879304952234,1.87677235504851,0.569386271035966,0.258158834585238,-0.605286400951903,-0.0194897488043617,0.938777054807012,0.0515466747392326,0.333231862107055,0.449231454633613,1.01584655753165,-0.748641863967613,-0.435873416943424,-0.472731739012194,0.830977642008253,-0.259414363950063,1.41536275170524,0.431591247280953,0.86115525899951,0.0392317299464409,-0.243454414298895,-0.308743994583698,0.127471758917975,0.681931537185525,0.740483929594102,-0.0977535461619022,0.225419494911432,1.22111972333762,-0.0309080819540694,0.0286015922463728,0.298456065201088,-1.03372496152603,-0.717492937851524,0.231778944027266,1.13060349239817,-0.121403846132769,0.542970443281561,-0.101793440686956,0.179015951858267,0.128856840873918,-0.225358229784247,-1.01135062947497,-0.102708401222472,0.0835087082914991,1.47987515099988,-0.655295880685102,1.58371827224825,0.408653755111165,-0.377818393152294,0.158325804616796,1.09650943804406,0.0792488065398813,0.700693939961184,0.866149225178273,-0.192685277825797,0.00436131211422039,-0.291599550012733,-0.329918186863647,-0.816758926845723,-0.0301030792483779,1.44402274908766,1.24174636296034,-0.198018855573677,0.213253401187105,-0.281079240423528,0.37616146366634,0.242849100220787,-0.867742912200077,0.325148592769649,0.982524528946224,1.39205511582321,0.332785782522032,0.324650973791215,0.654164495096469,0.333297484909403,-0.00357293639957285,-1.03759579886958,0.882105392950143,0.536264707649186,0.00295653202503685,0.359039100958801,0.0451631494375042,-0.10530820541411,-0.445932008941099,-0.157808844316144,-0.0130593793926489,0.561383876516631,1.12210973167196,0.0043231289927273,0.566101946200603,-0.233553010621121,0.242092533374605,-0.269967805587164,0.981778727794368
0.144904509675581,0.529888995946073,-0.277081177390726,0.767737956864628,0.597335602613564,1.02485674836256,-0.679219659122651,0.962159983272269,-0.237531749624017,-1.28710979205571,1.10306009839183,1.07770586215431,1.18830790244742,-0.329319119754405,0.697406763376584,0.953675176523506,-0.0194978956455133,-0.461786115285332,0.0409371014027404,0.904321972414207,-0.441930301941392,1.02902067110476,0.326617856826904,0.366779300384408,0.107647555682344,0.924433396458745,0.619975705091076,0.140750817250324,1.54511910314627,-1.298510471999,0.709723168118064,-0.0933018941552435,0.611261635143357,-0.13476230659207,0.452811402020869,0.568403890908145,0.610497847013752,0.885216008460326,0.0329580678006672,0.969143912796172,0.0525615533876422,-0.0585900969922944,0.0470088697261663,1.84268674453661,0.517179044721551,1.66312710496578,-0.370581040758357,0.430834575773701,0.569319613524092,0.389148345449308,2.03439488132214,0.891149312684922,2.50133083066489,1.14402124086499,0.69518385781896,-0.213981592580555,0.0511568605293591,-0.886559891248305,0.853482598394068,0.252533444000903,0.345012606461862,0.005096018985218,-0.654395571725326,0.740257477346625,-0.550589615045135,0.511916852659869,0.857251869387013,0.443890994815469,1.92155617080263,-0.0718395967325677,1.34413401907332,1.5772664028713,0.161832136837414,-0.214163061805523,1.59218441378091,0.992346105307277,-0.165872720073027,-0.433194491096186,0.983727502781798,-0.464095571294849,-0.00164147653935376,1.4663101585457,-0.0133530586986768,-0.843722762912436,0.512079039029651,-0.353765863072595,0.694217190352156,-0.124446566206266,-0.905196205491029,0.988447043013553,0.396682655028134,-1.65307702938025,-1.23442885265214,0.831346400681276,0.131416695163535,0.702803313415918,0.189934774444011,-0.0421190152543791,0.933571407122318,-0.27831358303965,-0.0813950483642251,0.0857422266635368,-0.646727526304534,0.0642563776307308,0.891023815409465,0.645247247732437,0.971192892510104,0.454512968282256,-0.768602394244478,0.472649726132934,0.556541241884486,0.980531568296831,-0.993679321627734,1.17643512876252,-0.624007685314814,0.587549664803391,0.927739780499196,-0.371690244345283,0.639625046129382,-0.355151339123649,0.618766464754278,0.039513847898674,1.44472675230535,0.600652823469921,1.13027979831574,1.14856942802242,0.478812859668458,0.18785154329229,0.1638604440243,0.885489854920694,-0.127664544613491,0.265478698841714,0.502847011198898,-0.127804924586678,0.322153674267797,-0.602401030218197,0.132268876401268,-0.971796586693256,-0.895027229160058,1.81912293406376,-0.00319171691737075,0.639008148031978,0.213139883706099,0.6135449874035,0.781125265053462,-1.31222036876224,-0.310080352618602,1.60894783683664,-0.588794168427234,-0.429963751904798,0.979001994690743,0.617405955958406,-0.385104477958297,-0.214381844574376,1.19092488756912,0.533900009075385,-0.311463412929589,-0.010075729510882,0.536596790965118,1.28235850147479,2.06832436903725,-0.204600660114734,-0.121151431430845,-0.516796631204351,-1.68942941382238,1.0940607424128,1.94069671632045,-0.999886237085844
0.355985295253401,-2.21520810023096,-0.0449640984558734,0.693065798543339,0.0682142052466971,0.514625056831309,1.94504101276215,-0.0660871481555428,-1.63168929459049,-0.474714284863814,2.33927270438694,0.091786751358197,0.845848850085118,2.02378911199065,-0.579456024547397,-1.52028125798274,1.43750892020916,0.831708151079256,-0.430520359857937,-1.96291252738902,1.02167656623802,-0.742989545830596,-0.864416034603492,-0.386936590088914,0.0722288768735012,0.911054543642699,0.20660250350559,-0.311437290366182,1.55608145261766,0.876700037774581,-0.30130346739982,-0.393553689123869,1.36215668806968,-0.226850447749389,0.40450659680381,0.495936702498431,0.135346222346396,0.44308973078715,0.419973299037217,0.317250783631794,-1.15073918543918,0.802589874903681,-1.12192367483281,0.445623832613635,0.958505316648032,0.452053594166578,-0.205510577431399,0.0290382210020335,-0.22247432744249,0.26449318569343,1.53578314004895,0.837013842806032,-1.85345777541327,-1.00250049707105,1.21220235657826,0.169263805224043,0.293002666003709,-0.286581679306522,2.19398392353838,-0.852560882475395,0.634215360864515,0.838743575959306,1.61233398927182,1.99825329233255,0.937803305807189,-1.13453086936596,1.12416903813189,0.570570747883049,1.63881283878515,0.828786976077894,0.438564574419112,2.06219130243294,0.962723851529437,-0.0435246953716888,-0.516998499567991,-0.81099317953519,-0.741580192052174,0.53657829674213,-1.22170207596836,0.41250519848662,0.327783605246568,0.343401521189987,-0.653929230876228,0.172349632193645,-0.282828643000038,-0.138630446272687,-0.862853876409918,0.604000933335673,0.0277513304166895,-0.286198564742693,-1.01207159472736,-0.242999588911555,-1.2521818040642,0.971274994763183,0.56318631546403,0.100642371781252,0.321143722567935,-0.230048710848431,-0.182817956050546,-1.21074919019651,0.568318420601162,0.943444922182904,0.615580813380655,-2.36371059835946,0.561613069451487,0.158105850986716,-1.13151409600618,-1.05838021781695,0.584618002554499,1.1092964056334,0.00771288603052184,-0.751629385126258,1.72717882223728,-0.406302133313238,-0.719339054444478,1.717644161961,0.115260786635793,1.67385211562449,-0.479633053783929,0.0584731105452324,1.17121084540245,0.224435147174494,-1.98274244973677,0.0864851343088976,0.528865318583735,0.764584286476201,0.231552336077227,0.862848537919675,-0.0613548479809772,1.99881662136964,-0.342996006182526,1.90293444846485,-0.443626696184238,-0.330107598522626,0.344477961281545,-3.59156626512447,0.246715409632532,-0.763491294476652,-0.935997547225454,1.39263236861359,2.75804824269882,0.0317953826068201,1.75264895515359,-1.48267657517797,0.490607416208605,-1.73877535136066,0.239293378029478,0.363627624691601,1.73888284584096,-0.972389507017915,-0.518987986311444,0.310821748577796,2.005385534646,-0.47489897720848,-0.800491668601867,0.381952260928011,0.904696803606046,1.24601238971626,0.75661338078839,-0.365595259405009,0.0147466679003832,0.631814575664808,0.325075131054817,-0.54888261321201,1.55630545455622,1.63395365006692,0.708089046796864,-1.07186106930932
0.319244708027497,1.89755305938637,-1.1136186624701,0.538919833789358,-0.572642359485162,-0.883640158348807,0.80661223682706,1.64015680140843,0.560073924869706,0.629851297380574,-0.475751522263899,0.364129648963775,0.626386087626966,-0.0724324687195799,-0.0523607477564597,0.0227963014646227,1.80895403256941,-0.424340849505379,0.102946146409223,1.63755514727848,-0.0777409710591677,-0.157152917482686,2.30633001793859,-0.0302485938182777,-0.779601456618012,0.68194624127707,0.65352037849534,0.553001075124878,0.369122746194385,-1.54894515196905,-1.41398599142858,0.207776746616911,-0.104254447639677,1.28064083441676,1.16536234678175,0.954163043329041,-0.37891472966965,0.623820332417024,1.04276745175823,-0.335176276985883,1.25693246226679,1.62626998548837,1.06408972741075,0.980856266293994,-0.115309775709946,0.182107347118247,0.954806935258027,-0.665351412575903,-0.56820065263195,-0.160007202817947,1.33129825771988,-1.02944679764814,1.46340921586501,-0.838550231288847,0.78452491671416,0.903967553526104,-1.28880453039053,0.0648982892398976,0.916124541859844,0.533273533138671,-0.363363036034639,1.59868500807632,0.314566685731634,0.514199645335398,0.18262600723261,1.5880274486293,-1.02313092029901,-1.20014601109394,-0.604301210328632,0.479333822970256,1.30340903361759,2.04576678747768,1.36716117753605,-1.06282550044975,0.833494738444347,0.584968084158477,-0.813166163896236,-0.384271224305952,1.09878522618683,0.275518812465897,1.09297151758273,0.617294558382096,0.0669728630516204,-0.626285940117766,0.786960037805656,-0.342425883543665,0.939693414223309,0.631982897789144,2.07408601552833,0.168053081503465,0.813630850393395,-0.305962670618412,1.01907499182692,0.0109869163286253,-0.253636263659588,0.479008508038404,-0.959091024529056,0.483159762975071,2.048681219829,-0.280743662338034,2.16593202628677,-1.34012471982131,0.509174764080235,0.130424025037556,1.36305589845888,0.116844876063759,0.171922910497038,0.91746639365506,1.08014026008968,1.06524489315441,1.12799404434606,0.52714798426272,0.319334487270536,-0.513380949165398,0.874873191440993,1.75000484207475,0.018615768174625,-1.09873832184498,-0.352127121987235,0.600952229609536,0.680320270129879,-0.271025477376928,0.48625906179245,-0.354219523103341,-0.605373557122557,0.0805466785254552,1.27507689729908,0.921057434850943,0.373844896961229,0.184505576908788,0.106034773873032,-0.146611691049032,0.226718944896307,-0.0216941795368114,0.557993352592667,1.87384082123854,-0.808021033182327,0.603720644246838,0.60884727181108,0.0469014219750195,0.129696217150272,0.90963980213361,-0.007105614158742,0.357570850347293,2.1305691927838,-0.0249973153421324,0.994825528072076,1.31436160607601,0.0505455308029393,-0.374556603234061,0.519124908520002,0.419108193367589,0.191502541604322,-0.139428979753032,-0.713458749364941,1.04646060645749,1.64713232552795,0.617008492365627,0.316710658928251,0.315890255811261,0.332091113888858,-0.0690298428361286,1.03122648778413,1.53102173245918,0.373336589783209,0.426470761709337,1.37026531714131,0.700640299897133
-0.661470108054255,1.50400949769896,-0.21834585646398,0.918193847704725,0.340072968413468,-1.15673093120075,0.549235884754456,-0.199884721552828,1.15898505963072,0.761624679850005,1.60728546993455,0.044569519702458,-0.167213908020749,0.323968154710752,-0.957131288785094,1.47172918937216,0.134285629210656,0.345113874444222,-1.16627507330568,-1.30314053521991,-0.384368790827615,-0.924926642911645,-0.321988023886727,-1.2128745675753,1.3710460824424,2.25522869078526,0.457895864028949,0.182036424093475,0.705812451188264,0.868223431537963,-0.527285169504411,0.198417701317696,0.846230706004355,-0.698816231356395,-0.411906687787945,2.41996959027872,0.540487482756791,-0.153872033407983,-0.0772425867203721,-0.440108216496665,1.27678677254509,0.195572994175373,1.7709822691922,0.149262340091197,-0.892152977983786,-1.49939026295574,1.10548946575547,-0.515186700636865,0.281336597268448,-1.9185551689975,-1.82647186464166,1.30633582610146,-0.796857137731514,-0.597874026523203,-0.811288827794126,-0.0875624208781127,0.646568699920203,0.702992199256499,0.41117044742499,0.207960940078247,0.990361598018559,0.121874036101325,-0.0350091520736095,1.05228652774899,1.58291583020649,-0.788797417594721,-0.281046628746317,1.29987651047057,-1.39686353513561,-0.128955043210736,-1.36212107079607,-0.507600144172187,-0.633630473211314,0.884892225841503,-0.553168985320297,-0.645156657819068,1.0268695528507,1.41338794629264,1.00472955851083,-0.234659840780748,1.21780612458643,0.141400191765362,1.60960483431759,0.417702724906643,1.23858025269583,-0.0371089620712946,1.65987529091282,0.706785659570877,-0.935674590316226,0.983347141074907,-0.382424313449858,-1.23829665991407,-1.52281901117582,1.74290197830021,0.800081336336841,0.811042895626544,-0.323776915489493,-0.0623664646230923,-0.482119641723451,-1.19597780467539,0.985360593118384,-0.307856493524185,1.40921840554161,1.9762605561583,1.24032613368074,0.854898789835018,0.357892740630448,-0.903659936430544,1.25582401039485,-0.119183984719769,-0.453965486071594,-0.650313062500328,1.34280486803552,1.81226412599797,1.06432125888831,-0.14753035084667,1.92181702713392,-0.00852558257760233,0.422285106814617,-0.309992700804185,1.12863977929885,0.179435961576267,0.276468719337969,0.184785361143677,0.840589962591918,-0.196629917556205,1.86924861205084,1.56249676114257,-0.437129670120358,-0.396719444592048,1.53696184072871,0.269746808211729,0.698586260239801,1.42544556006214,0.178395759658634,-0.543084192590243,0.0244119482150399,1.71857718200967,0.418515882247592,0.694718845671824,0.453913340696281,0.747843204192104,0.235482234230809,0.349821361011846,-0.713270791088776,-0.541448629633057,0.443904828036494,1.70802588793187,-1.10802391417626,-1.00467499593638,-0.362470094231548,-0.0595326411913129,-0.87606762958549,2.50087848336927,-0.977207925987876,-1.01522033235506,0.898164206736742,0.0648018176456551,-0.183087567962077,-0.561084810751981,-0.83261427126882,-0.202850754204323,0.503376103926839,-0.522465364602887,-0.0789072850286403,0.153671039452803,-0.493976236118151,0.552759322442193
1.20316358781169,0.598858690747058,0.275955898736825,-0.634827466925758,0.864305119788638,1.24740816982095,0.438127156219611,-0.254914528262882,0.33168408620737,1.19361116834228,-1.66800123372203,0.842245567254266,0.431667526264905,0.824956689935895,-0.138052401620333,0.431894908792263,1.49161443252441,-0.0720946639270177,0.627355723721289,0.861562594394388,0.666056870098616,0.999862423705227,0.187799079791931,1.16169361887782,0.286160850587973,0.423241837001435,0.664184618144141,0.475508792588222,0.920811724055873,0.704016912499248,1.09122080025231,1.1601585809692,1.46408731428796,0.912657221426487,0.238112826396549,0.219030349240463,-0.147150153186056,1.46847509551342,0.462815838857519,0.929255212152317,0.513315041620841,-0.551684932355105,-1.59202420267777,1.55954964524175,0.0396108296773068,2.0091924013775,1.42045016425166,1.03548700210692,0.17532286491465,0.442580528954762,1.22273541429915,-0.014230376570517,1.0063349533906,0.00183195492920529,0.678824792500134,-0.47015393719063,-0.116549105109911,0.112976042040998,0.141127650928742,-1.1158429377203,0.854699741886549,0.520214519675813,0.695601785614935,-0.292136935972935,1.48134616013807,1.31737343783009,0.933793720569135,-0.120118704895477,1.53721534294275,1.322725014727,1.13372593278492,-0.18599257126901,-0.75200667886223,0.420377073451228,0.621277895782309,0.691329411388565,0.240500177040182,0.880201151804896,-0.391891059508979,-0.204951733568798,0.579717147635578,-0.20317376222958,0.549731308540514,0.269328755816092,0.25048451324576,0.760490182456315,0.299242003534041,0.303009186295682,-0.945593476870241,0.0426636671576824,1.43356003242202,-0.0313970575002308,1.04730124597947,0.168039219455313,0.362664373578463,1.50875087425904,-0.0646152147475236,2.68369965112652,0.600283340264118,0.431222443053489,0.0428952106630428,1.47624351321522,1.54419231574776,-1.25806467967354,-0.276158224730581,0.828056342545567,0.70536687786522,0.0558124297028436,0.632089442589882,0.865775419797677,-0.122748555252437,-0.410334567120674,1.13530599518001,0.176397332481794,0.723479522178006,-0.491152672781104,0.383440173664701,0.213914570812397,0.791880515814564,0.658291955280099,0.53406524092052,0.718957012935866,-0.712753504941866,1.00756135473171,1.06616781705349,0.705126535882443,-0.407711218616465,0.374560308146069,-0.455299923299993,0.537128881454034,-0.332110836529281,0.246800983816758,-0.936758728755686,1.59930448477639,1.07017635117766,0.44918747950646,0.228255832990652,0.746676169513594,0.402851179335755,0.80444456161977,0.123186367010469,1.199993550672,0.649289155758807,1.12114138712122,1.04492693112727,0.55881203650055,1.46038265887771,-0.649141574609927,-0.277131599734228,0.697349780460547,0.317886636669662,1.55950188815111,1.55160882996086,1.10136565355608,0.58652319137459,0.43308147475351,1.61997560467926,0.196966285423023,1.22834525301963,0.402754724053695,0.758668731863408,0.984380054861111,1.02532157135058,0.873246378923789,-0.530787111647677,-0.104728252216285,1.3105795928899,-0.878863060901303
1.09462207326534,0.0180631337767919,-0.647952607423732,0.5335208337156,0.0358344472242823,0.405516108611491,0.674483885318852,0.0292682078701588,0.671357078960594,0.338081397730701,1.1467441604023,0.0298094534930305,0.723658518667972,-0.307103931073868,0.798009616510948,-1.0453325367929,0.116645843138381,-0.112349087862789,0.283027278350547,0.285771535891078,0.676985757545873,1.41608413082784,-0.210700230422868,-0.169488691261948,0.62914056902811,0.345346604484251,0.355349626483634,-0.970566278808449,0.88985085053528,-0.640895990890568,0.604841283973825,-0.561459396254499,0.64942151250376,0.482912124425938,0.702502595071422,0.828327301849333,0.471407027464302,-0.637695876340494,-0.642567814551555,0.235687647884999,0.506793397441583,1.53732628962249,-0.050551775008188,0.19416119422118,1.43282247774163,0.678816543102736,-0.612756037053829,0.0836357130046377,0.126474682900414,-1.18529893974743,0.192533877173827,0.541269449309298,1.08803616314167,0.657804746524009,-0.0793137534607915,-0.0623097704195302,1.4301242893281,0.243141642096857,-0.509720966845845,0.204156945854325,-1.16225994492329,0.413456234989358,0.399227843477689,0.0984987798038885,0.405778664780586,0.0466430543522334,1.27892773168125,0.441219715439886,-0.0498167568623594,0.866489466174825,0.471961489106081,0.267091692170481,0.725114447562048,0.418719186524079,1.22902066834347,-0.0699764424209924,0.662771332184607,0.802692827823878,-0.431718119739095,0.401407582333651,-0.414789662682268,0.951891701424473,0.87813798410237,0.945201473953112,0.430620463860911,0.219026681648543,-1.05474636402874,0.00296359155533865,-0.0427657135599042,0.26002694765721,0.136406726790659,0.666055601216086,0.992206852118947,0.756595725041112,0.0941440983385275,0.65959388518083,-0.304367057657164,0.699282219869321,-0.145977995158925,0.695634440726525,0.579503414282204,0.153663432620226,-0.0514563158066272,0.906365049943855,-0.448038369739199,0.0826532065457284,0.0896524410176023,1.15864349702228,0.588006340015461,0.649749307344807,0.0339282675968932,-0.729698038690235,-0.430153979157956,0.285794470285443,1.04983369222293,0.685373577199982,-0.142571651066687,0.489480171647435,0.0613500213901038,1.03701550756299,0.627742337958112,-1.11954040179897,0.392664276200239,0.610859198521492,0.547007384786531,0.661927941106121,0.184524409078189,-0.426398414310357,1.05635531974524,1.05424468157975,0.743013880796811,-0.229008178376562,0.0559858879796008,1.13212969188548,1.09715909946694,-0.914164583594593,1.93669021221459,0.129767262815137,-0.57328041144243,0.531543482392312,-0.258516981347182,0.659543939558445,1.00450409275376,0.19760037081052,0.267592907053283,0.972603222839257,-0.399052081627082,-0.41578597628174,1.15407884183648,1.01125390473421,-0.0732181787791418,0.724012291446701,0.762556794164722,0.550738591292032,-0.617042746681911,1.14727036819618,0.972726694433978,0.363858990368429,0.0605864505205488,0.26679023918115,0.15704935362506,0.0810928463498177,0.0264566424227891,-0.324080631674904,0.861159523487065,0.110985950961487,0.796606735727516,-0.214294762053586
0.154910411634443,-1.6158782611846,1.56832567150035,1.29151296729037,0.494054711771966,0.535496982203968,0.682563132330709,0.989996106858056,0.385863188295563,2.18427306125913,0.572125401663765,2.16420218964512,0.473988063931855,-0.772207239017914,0.844368544861912,0.041099095705449,1.04779948355033,0.401140233915423,0.433644539180804,0.441767595793273,1.39943457051695,-0.602316372484002,1.45769638579746,0.753596846626288,0.225860286616184,-0.99757187016267,0.288944491123697,0.0985118918380735,-0.171357761109917,1.81426283168953,1.44667330107138,0.115598378942802,1.13493880267844,-0.33308143582947,-0.241205718786406,0.714551649790672,1.44353360127651,-0.488452779120229,2.11631844136043,1.59171668691919,-0.0972061011852033,1.10797002985766,1.60108772026276,-0.771790755484412,1.71245632311837,-0.526110542549336,-0.0754508321806598,0.54584269759824,0.703037147086747,0.758312385202509,-0.200003655589985,0.120722383557761,-0.534656580891198,0.121169270826307,-0.31185713152012,1.78188117418234,-0.664852020611244,-0.198928951082924,0.884206300288736,-1.72754149412458,0.630360629616374,0.58367438992646,0.073813959956668,0.301211879968879,-0.870278250083936,0.234569819003521,-0.592537264030131,0.835778018645561,2.46886734687396,0.370192814619971,-1.10918088582743,0.459429813794334,0.0494259614809639,-0.0300997933170489,1.28273803286797,0.595023021898152,0.699861675807341,0.031025508185503,0.0729512306428843,0.111751106657892,0.829459613082187,-0.649585288532906,-1.16203634356527,1.0453381934866,0.135967687474883,1.15076796878803,0.57574650611268,0.478032202288723,0.542375551975778,1.29993307108229,0.823090618102357,-0.076521580865536,1.44479072899312,1.30026765677252,-0.628556620510233,-0.0634978961859407,2.48199962576093,-0.0686137668245387,0.45291859881699,-0.226656980013201,-0.0713931228215936,2.23633852871226,0.214557137853793,-0.708153439249622,0.979200897839171,1.80731126255223,0.129122402306415,0.642892243891865,-0.466307697664344,0.231398834592021,0.452207809966321,0.726374084051627,-0.442704935220753,0.712154639228351,0.246809982075258,-0.604380919020504,0.610649758872643,0.468906435114238,0.191713404403238,-0.391204566768523,1.24692303855303,-0.634497695768057,0.854208438942781,1.02400401285206,0.766269662904582,0.309611811724706,0.556511422408935,-0.331527779655706,0.367892303644552,0.769764669085124,1.53353669222206,0.445283842736286,1.16596877304847,-0.134169805132299,1.7277825857203,0.884298022855755,0.761379980445619,2.01021153533488,1.17198640636015,-0.00528990987016742,2.7941620279049,0.340867459279107,0.682549868653999,0.029642724381614,0.891790123419512,1.16496902714958,0.428469504670033,0.346535798753041,0.517755875970599,0.587638928471736,0.440862645467275,-0.515755083096449,1.82197437020041,1.2719280339492,0.544599915674941,-0.012278231475103,0.621150259244778,-0.232963364351345,-0.496623767063488,-0.122936176348027,0.400741509310906,1.29943492818144,0.33427898337911,1.47569770514147,0.00291065030120286,0.827922755192286,0.827227079160868,0.652954136153992
0.159798396120014,-0.734765024692107,0.538381544456326,-0.531720957831589,-0.478154010613543,-0.229146299742874,-0.159208521725465,0.68081809348662,0.456168735807529,0.701570265476151,0.892744591208022,0.439662421064092,0.0275757958025879,0.740959912316314,-0.271845276436042,0.11513460434592,0.564660435128517,1.4039588562626,0.0574291502476499,0.379666202912322,0.156370861019587,1.75208681102601,-0.299187501976783,0.240848145862617,-0.845988768136658,0.789968154302839,1.06825830413197,1.01478398033847,1.1048655142991,0.982217345589896,0.359963115916486,0.594445181237004,-0.131565692312465,-0.0181866739124641,0.357857084271493,-0.176237451440278,0.831341603937185,-0.102399666657665,0.568646102564899,0.80442565180077,0.716111427966477,0.636887467004641,-0.80391988307113,0.259738408393114,-0.924410943162932,-0.281355244243214,-0.519404703037823,0.706918096228317,0.0836322341429574,-0.335904641017658,-0.565906915523595,0.0382834948487819,0.307464694522196,-0.471660171253628,0.673033271817076,0.917863693014545,0.436234922489965,-0.361405608616447,0.394023669963513,0.388640847541855,0.789382042540839,0.200881514228668,0.840181796214271,-0.106611029549978,0.891620861761328,0.846363824757909,-0.180649905194116,-0.219807884808158,1.15369546182938,-0.879246049708969,0.669012529989953,0.300612928026481,1.25271148284241,0.787952277470229,0.40194176540285,0.466256205634575,0.333258513876416,-0.487462883342811,0.0188014876018242,-1.16523272687058,0.205500345422893,0.323627237673918,0.228543328519873,0.353006661663381,0.438797547568682,0.12417870530879,0.132399550068376,-0.122150915122367,0.391184243718067,0.0579843843700519,1.06163565831033,0.910725173132054,0.209519759724481,0.679323240804376,0.0306750672859487,0.9447188235886,0.00763608865844906,0.243992620149866,-0.698693238435993,0.696222265707405,0.480031038769392,0.70017163085345,1.21049431671228,0.623555901592702,0.233811192539898,0.203624257165368,1.51024451704171,-0.250084347814116,0.522661918275151,0.972830177714767,0.488792717063798,-0.36966092223324,0.0829765992954925,0.876436989519974,-0.247292888951669,-0.192703144967928,0.605836826316917,0.0197534607143469,0.534528745935212,0.92167050897569,0.265702338955161,-0.275869934268611,-0.159843250824672,0.718553229448108,0.34071875971116,0.19440373325999,0.280045018365747,-0.567624833426734,0.458198850328042,1.35454810285626,-0.541574775458585,1.22517418923133,0.379709917110899,0.00328939352449795,0.453916467803188,0.0278201446729463,-0.562098804454909,0.367676459988144,0.692701667832216,-0.615533631658401,-0.624830032601378,0.237578248655111,0.130969411151281,-0.220166337707238,0.582451097295311,-0.594880457547826,0.0985464390975612,0.00319598907393484,0.516919259810926,0.260420340730028,0.484065450769865,-0.762593268058145,0.992666423083433,-0.654674151142107,0.284693654396334,-0.361969859784729,0.0424544502846906,1.14430912093012,0.56523500189254,0.26888609452964,0.0371434479323604,0.33904060542158,-0.187904307689551,-0.714666195978314,-0.550606587651747,-0.103802542191983,1.21691213960294,-1.04159099820552
-0.0888102344234888,-0.517368895457795,-0.169375746392713,-0.424017678319158,-1.14144934527355,0.082264395822929,1.76252754112213,0.570903191119266,-0.152025827472031,0.212387677870354,-0.478341136836931,-1.27169116511364,-1.06879423975399,1.12915557251263,0.135231943397002,0.778013764911922,-0.197655825237764,0.174903090606204,0.227475972014225,1.39433167689696,-0.250589369078711,0.454169470154187,-0.0391241527185757,-0.858851333161594,-0.458675077118049,-0.08228192232101,0.315108039594872,0.551348028057623,-0.0883672312730469,-1.31120144979094,0.0277120395450649,-0.214830158327295,-1.04127925710073,0.235985481920225,1.01876166007117,1.65919783004605,0.44025730833568,-0.244543988556494,0.104368251877525,0.733332612787576,-0.621779705391528,1.06795484956346,-0.607157308587811,0.986531219685284,1.34583358203102,0.0386108716754047,1.25974572127178,0.51820212326501,-0.171714768645252,0.842155331554414,-1.35739336483219,0.423494444771499,0.41865270254637,-0.262985281657025,-0.774051967709214,-0.118990206574166,-0.171521947039146,0.398668151864444,1.01620021698331,0.518632463501655,-0.0436633078817221,0.645380169323937,0.913390115090973,0.307920023832484,0.53646676260932,-0.543567400868869,-0.158824549664559,0.596397581029498,0.402004084197097,0.687121383764248,-2.05578838525163,-0.410266924136568,-0.282772686285368,1.00542001258563,0.263152125748032,0.46650813819641,0.432126733800088,0.393708464161709,-0.0786743937719285,1.78576188871503,0.370992417108264,0.43845930526686,-0.744313581771272,-0.77227859367099,-0.172979008788546,-0.798320413052289,0.0930186188963338,0.872445582362287,-0.58124400061713,0.400624161763734,-0.938749943881507,-0.154119895720132,-1.60701654283836,-1.06726622275942,-0.848376807939512,0.206744524251066,-0.064896327335222,-0.69999422705115,0.329006332670804,-1.32657388682985,-0.218011816246447,0.210365262772716,0.310827475993992,-0.363545986741333,-0.077601510948717,0.593908745842043,1.31920979121496,0.447310962479133,-1.00716533795235,0.160603800291727,-0.84121423816861,0.395493496684784,-0.0468901680591632,0.89405381575626,-0.31091884929156,0.499146053441589,-0.26155849617521,0.815951720957642,-0.0273885346969457,1.25332909135281,0.097679996619094,0.715860576215297,-0.848009224619308,0.641428927156791,1.54919197299014,-0.953635036437881,0.0395541141652791,-0.539009492034439,0.13460251863298,-0.675486112065172,-0.18065944157364,-0.429298831831464,0.0333684949799384,1.06885805044674,0.84833547489318,0.404186854114094,0.749463633836695,-0.965712565047978,1.18776283995043,0.205832414093528,-0.23334144215209,-0.271940062334931,1.36247451354511,-2.00659501104645,-0.376958907587864,0.867876918383161,-0.230675274747938,-0.112479730931785,0.999869090136784,0.0618081590570037,0.170078801833499,0.0161821981976766,-0.212106545170336,1.36800414180267,0.859347032552868,-0.048803575847968,-0.451866443734845,0.450857636687314,0.858237346870701,0.275072282651125,0.744860486134677,-0.218402104283206,-0.485076498396761,0.326764753145049,-1.59148822536046,0.336346646871467,-0.360165980826499,-0.0808141522481457
1.3884359113055,-1.18190329139684,0.233876925388074,-1.24674844035868,-0.0111425143944182,0.698282755342871,0.172601514813067,-1.11020213670519,-0.490413151656268,-0.0902020389660244,-0.358339454664489,0.694554081012108,-0.037580864833219,-0.922645366591957,0.171597627611481,0.843686636203136,0.0500001138867024,0.547196301422173,0.10017735623747,1.71919984478107,1.66685000353262,0.507195037506453,2.03539107179214,-0.532256380670497,0.396800133374554,1.12344148703588,0.333547551951765,1.5208975731034,0.899517555657232,-1.12584775768367,-0.202260694289261,-0.620638998850386,0.287357904616044,0.726533997151973,0.0599911695497619,0.613688295943543,0.565011689428453,1.05527918579909,0.236246532881379,0.0279815313183636,0.540314601293001,-0.628454463666995,0.243700764417844,-0.51856970858076,0.167409170878305,-0.231001458079605,-0.520311960041566,0.1004319281445,0.516628888711491,1.06054689860844,0.369115402528887,0.0282647730265292,-0.913401354969143,0.236432362696037,0.581833067409853,1.39718952594387,1.23854764635734,0.440177795934272,0.268801074280532,-0.0939591806625069,0.893214903921543,-0.449191097794612,-0.608107947284812,1.15913080504183,-0.0794539188940125,-0.560111590897611,0.941550496131001,-0.877153601173638,0.202413699177677,0.700113571855068,0.550414179169592,0.563218260034303,0.38570397209772,-0.228838948906828,0.594932313854581,-0.0512450978639719,0.109935171523271,0.508514671999465,-0.106037459696057,0.187842948851554,0.57354048581906,0.143743680891786,-0.581288120497549,0.806599687182273,-0.791095080082381,0.670183065488999,0.626092402615465,0.604484444683077,0.529282571010983,0.0696094278312383,-0.488719045255331,0.386075603388628,0.59920165218935,0.392308032871902,0.476077507244865,0.353217840957618,0.278637643246929,-0.260263840848809,-0.187442412490342,-0.445329530014517,-0.513556957510656,0.955765959934755,-0.259935343789933,1.61731882637228,-0.51644698839238,-0.504939722966921,1.36246403729812,0.455493862842642,-0.0534689779157508,0.339101458897522,0.232473830334786,0.0516129466588723,-1.14289226554597,0.354322255719715,0.464333030790265,-0.386850336102421,-0.0994241872839483,0.28194232697151,0.864865774536153,-0.0875637858404358,0.345911266844187,-0.322598279197242,-0.906717992319024,0.302213182849465,0.0592912982033696,1.20045683261118,1.43441447784803,0.051698433291151,-1.44132493402808,0.225450570318479,-0.122630824190827,1.18209423456843,0.39474104650877,0.175128029806432,-0.113801193686974,-0.117959152545098,0.190870974502141,0.39186077264756,-0.203962955468835,-0.203273875154488,1.71167570810038,-1.30827835242106,-0.758716874850254,0.515101021106179,0.891752478152067,-1.21277411897516,0.34176768002758,-0.748763052762747,0.246308389618949,0.52902400514478,0.0540701555113947,0.262071360925391,-0.86299593245836,0.407714530234851,0.0402952069439016,0.0578135743753039,0.074848653025291,-0.493799158527443,-1.28377015020037,1.04789112208637,-0.268844455926549,-0.296921789154253,-0.964050984843181,2.04122099072723,0.0767368080273107,1.20419489356033,0.436686330005286,0.10978321062022
-0.907999325812056,1.50841419771873,0.626769429168763,0.649214327920866,-0.143312132312584,1.51060829396316,0.189656534235832,-0.91481539254256,-0.272560423760877,0.864763638111668,-0.501934314362971,0.424230453306631,0.399107475224209,1.42199546610339,1.3188398795139,-0.7077258240878,-0.0817210462763696,-0.586619290813729,0.0916962999587849,0.0693654773531509,1.06905803839959,1.02773978942435,1.29563230945362,0.0559769743258546,1.35024266513345,1.12589439812592,0.971029776173811,0.635301572044052,0.550637787272551,0.858861807917435,-0.587749674712021,1.22833402128457,-1.83312478532708,0.562776560413652,1.97286110121772,-1.26769467967238,-1.08617978124746,0.550535409463979,-0.896458869343804,1.2466728647227,0.777613127226235,0.690222796420719,1.09001718894789,0.0473754182522254,0.583916917231742,-0.448733318749628,0.149296706354349,-0.296681990805843,1.48004041826922,0.353379068626517,-0.204766822477185,1.49510601091932,-0.237670078298011,-0.0537816169063297,0.194352583823596,1.35146278659819,1.68682285833197,-0.468933480337248,0.358563151371185,0.884841622718257,-0.184961157744027,0.209041310898397,-1.29235161560396,0.875604194229251,1.00338181879033,0.435904705960488,-0.701815612448519,0.215840666757328,0.85674809700497,-0.718896041485828,-0.449862700385945,0.0584414976516281,-0.113246067302679,0.899428144041488,1.14168748392713,-2.29251737655934,0.670851532732821,-0.739649628712569,-1.31394279386975,0.887165388538635,-0.825077276281238,0.824609358017181,1.4666556922309,-0.142901311947933,0.0947592348167418,1.04399656377673,1.71833667870085,-0.0333546488318914,1.88414573976561,1.19623711896556,1.32046970462829,-0.357476769202336,1.34404705476728,0.781668944874354,-0.197468908155493,-1.08883896411619,-0.721181298709185,0.826569835186658,1.97812977568052,0.781312525144461,-0.701315244251512,0.392448391361256,0.509879836370154,1.10489547910372,0.201218576140965,1.53395680458866,1.46738254371308,1.0863754770108,0.70221626977417,-0.388067531353464,-0.468361502048164,1.24168671142802,1.35621430039341,0.0748726143453221,0.315673666601934,0.881092432389527,0.577765897931787,-0.202949494724717,1.26035327787529,1.01211822509532,-0.512461177135574,1.04521604482178,1.01391425677494,0.205898550412087,0.54207890186798,2.35559002697945,-0.253742869346529,1.28486034647073,1.01617025710828,-0.541737184599329,-1.1799611612819,-0.751107072656248,0.651023605227794,0.912260562600165,2.30519433613064,-0.126668144738295,0.885724069896137,-0.801496847967717,-0.38173150676955,-0.178271017144865,0.1410454208195,0.198983218788384,0.68282808862917,0.600973483077995,0.358590403773332,-0.855222778957957,-0.514916008201314,0.272300221534122,1.39472046675257,1.63196809725655,0.701234704364441,0.90945127040332,0.73990636447931,0.365889365284936,0.298367304624368,-0.00296383908143194,1.44954715106504,0.0841138164636819,-0.430238197007462,-0.639788288655892,0.406419667057076,0.363393139802526,-0.219546897211103,-0.068596165656324,-0.855845296390598,-0.0531081828956163,-0.550619490127657,0.0980398697520672
1.27094202756553,-1.5672657166155,2.67953550660511,1.2078827596922,0.136855933724248,0.277020549680985,0.856493866125919,0.900872685076024,0.937726098821549,0.899773326717893,1.17382618329326,1.39926066875069,-0.211805985157199,-1.10049843695964,-2.65217260657563,-0.174502865290552,1.56813189239612,1.60117525201302,2.27226389755711,1.17173827629006,1.7863814515739,0.841454345983382,1.09526392671151,1.86079255825758,-1.09681738081921,-0.665878292019588,-0.962059993274225,0.888124552983082,-0.0421372445003043,-0.519138468806022,2.32207337280013,-0.654212270598719,1.5477276643265,-0.275114749040747,0.324968080476332,-0.0996695207112043,0.85273629968159,2.86064940983856,0.995177307161076,-0.942454512815693,0.429186662838733,-0.0556586701180703,-0.0137059341444475,-0.779424172001619,1.19325035051472,-0.999902867186081,0.0994002930421093,-0.0863689580422253,0.688861945978925,-1.40672256057858,0.294566411869216,1.08312959482638,-0.693623203178516,0.254809594493155,1.77211027192768,0.00166419779073809,-0.669411643651614,0.425747101673318,0.238264146697864,-0.257849250612958,0.183164384913933,-0.037976928924554,0.924725076944842,0.342293569972655,-0.680935140927135,1.03635296881992,-1.80622697015372,0.286437656648266,0.903964979001086,-2.00717296082558,-1.45032895849048,-0.696871524157266,0.719935926582901,0.681115352011564,1.63275692656684,1.151119958494,1.16503274890023,-0.470346914773031,1.41278288991201,-0.501936264035938,0.546160089140095,-0.446485216012379,-0.705756333374907,0.487634179569215,0.422547023521817,1.28329982423173,1.57431864173353,1.63604530294786,0.714403349097277,-0.651868834073943,0.124547846924993,0.174639541884808,-0.558603838199157,-0.294200423301392,0.820544976453891,-0.601048813604395,-1.29782718065435,-2.12946217677295,0.161166444216222,-1.00392223893479,-1.00991119147781,0.826157116531333,-0.122760344498336,0.34424923549581,1.60967517154051,-0.584103950002274,1.06855807064557,-1.7655118280659,1.53004816649738,0.260116852180367,1.59862339803299,-1.37267471527564,1.10433098744042,0.206596239458398,-2.36602086514824,-0.233640056295349,-0.204501748105057,0.557280790870972,2.58308054097623,1.59173719567983,0.104973487660975,-1.18894246128205,1.95249917066499,-0.787756365367194,1.54667386979749,-0.999620147382304,-0.147892603165978,0.0386143694840758,0.656268351501727,1.24534288614193,-1.38549877795409,1.31187991732411,0.705787083647659,-0.381200798750588,-0.811346288720391,-0.333577386074049,0.390983816228703,-1.1697316481451,-0.438780979442771,1.96206510350589,-1.22256085815894,-0.971931427981416,-0.554308553714677,1.40943472834762,0.62098122065462,1.2043532577767,-2.13729628916044,0.99678345778418,0.255342311247032,0.996909470228446,1.86406822366225,1.15191101700377,0.0450738380478731,-0.196305283035147,-1.53016498146277,-0.501738087010218,-0.876123288680722,2.07959613884333,-0.410494679418549,-1.44725473639676,-1.31688807766546,1.30615522340529,0.0877764413654918,1.8814355222223,1.2525813594946,-2.09489259333002,1.02712902379837,-0.757489022310202
0.517385587232796,0.920572632685642,-0.54932571608787,0.964934305368332,-0.221034614547005,2.05133776285123,-1.20374835813059,1.1048672188563,0.79683994346812,-0.111618076810046,1.12104935985142,0.306615393981568,-1.60806283654374,-2.02096028626501,-0.323069614237021,0.432600465825973,0.713417277937071,0.480760643411376,1.28177609231152,0.590593615332186,0.738575295173999,2.46203024911094,-0.104329941067644,-0.729003507213614,1.65456727029694,-0.569451388741136,-1.78660030361674,-0.198421561125514,-1.20017193491244,0.226195028228856,0.976063521317615,1.00987548189187,1.52959894834745,0.979179948043748,1.62983670822423,0.56052717993759,-0.0341437909884826,0.592262460873857,0.735895037620313,-0.697399927967056,-1.11854260403496,-0.0906574983173589,-0.206854129682212,-0.992537741341917,-0.469707270191442,0.180288864090197,1.07288482133215,0.520706240639303,0.440510878146812,1.01211724787143,0.697535826217406,0.784100399796266,1.03592362193544,0.168174557240573,0.711291821258761,-0.70296232068926,0.872439435617715,-0.131311319302948,0.36919327639187,-0.546233810509293,-0.621807371858708,-0.139953083263967,0.257264436196184,0.9868325302521,0.226976602821688,0.554147260151099,-0.850660372503669,0.46563592389812,0.843460057710267,0.49125591158276,0.536351213375337,-0.737543898363136,-0.0877255658496612,-0.621992783391007,-0.892599582405371,0.696471019929062,-0.732293489726609,-1.90199063930596,-0.687962519825591,0.692462182289602,1.31642758056237,1.43220020023263,1.33854651712395,0.771024572225586,1.70780447742828,1.49051794249999,-0.550704258387024,-0.124665935566651,1.00103899127355,-1.20530410176947,1.54049759030138,0.486864151355323,-1.0301793355251,-0.470966238060889,1.25311751453311,0.935152581124081,1.66376189829083,1.160646736517,1.02260557473296,1.7663423878698,-0.502670714189098,-0.407902734176797,-0.150972615220536,0.40076031313253,0.31876060706882,1.29193437797802,0.316557335929265,-0.155972693356547,0.160657916171992,-0.00410639167657129,0.448045090377811,1.10635329339985,-0.103636680683661,-0.179611356096607,-0.396317656901878,0.766139541636838,0.871917356438041,0.222995015864936,0.373863350015113,1.15974582234208,-0.369372455264304,-0.44512824369147,0.768184348396664,0.921873673222224,-0.372954511490184,-0.114367249241684,-1.51308592083288,0.285308820888014,0.666250776324805,1.24345579197814,1.32006601205234,0.212353600310749,-0.361001402331819,-0.543297625554266,-0.396667630269249,-0.457936839205658,-0.299834559196945,0.350584968122994,0.41796742522141,1.24806644922221,0.722134376762732,-0.281750138157788,-0.463928354909263,0.501237178298965,0.992592221009942,-1.19144917134913,-0.460963225267852,-0.337101961829105,0.327919954411899,0.358197206893193,-1.47991792862884,0.198084752267526,-0.175244696926438,-0.736099687840571,0.9411233375501,0.209905611736745,0.619355388027168,0.234038645232684,0.409762562582355,0.479236705123856,-1.17127227468032,0.853894045422451,-1.43872386060295,1.71465352124672,0.565803143723078,-0.677303723587009,0.371401257121206,-0.213187716331108
0.25849005221479,1.88008780326319,0.523040452918474,-0.0568095697998403,1.59598129710506,0.0546913110057959,1.10448378603254,-0.115180612552057,1.16983789214667,-0.128923386123158,1.44002672674552,1.15717588283755,0.749801314647184,0.106511142246936,0.670547817835283,0.852210196184022,-0.0369045080678896,-0.689486989647522,1.09280257950266,-0.291351676047246,0.744064497134779,1.84517174200913,1.08846480706065,-1.23124750794871,2.35508083540721,0.518620525174404,-0.301009271804366,0.605330783066944,0.751552750304268,1.01879175580526,-1.68838544931726,-1.13881080068832,1.77496733531867,0.137079130574914,-0.898834720572181,-0.256147317508784,-0.385486408198981,1.31453449610041,0.16389653887799,-0.326939630942884,1.02168284703916,1.18340316657206,-0.332713568831877,-0.521671038700765,0.459610596728579,-0.0501821543423465,2.36639593839984,-0.662061146071643,0.539409792213074,-0.989392364846422,0.448373729065426,0.0881741567937577,-0.849848154735567,2.02331369012689,0.424621657309641,2.88127488008161,2.18607902364622,0.573821540110293,-0.799024654134799,-1.00477651123286,1.09126806002424,-0.646390752177719,1.11041795071385,0.380931770661734,-0.0734644771164035,-0.305529726206099,0.138975894367576,0.539756459473582,-0.217362770726266,0.116814259242873,0.170539264653733,1.41460434222542,0.932763713319951,0.184875112674394,0.70227194572648,-0.369775311010585,2.38410479600843,-0.252763857511028,0.0432256972763519,-0.270446564388386,-1.00084975348869,-0.489605914630301,0.744187813649868,-0.0921549041994037,0.369198182853516,0.922871168887745,0.229409531168585,0.0639356348999562,-0.134097473449021,0.901531032697789,1.97161844988568,0.790798434315537,-1.32631006687541,0.590927576086046,0.280731867701368,0.0609181296267323,0.955273767079216,2.36666925093591,-0.296630975665255,-1.06347899040342,0.25761642093496,-0.666325815459031,0.815080250143257,-0.4868568048144,-0.589695669129928,0.37851847827107,0.406368046914009,-0.433421210026788,0.987121916739851,0.882907416897819,0.0415406953441436,0.587102163667486,0.131825305920626,-0.340248830441303,-0.29500525389804,-0.264625866343464,-1.3392499659788,-0.663054627177599,1.266220971587,0.144249618819389,1.29503079993739,-0.615918662036331,0.902113536201185,-0.0043164318591879,1.41820551328629,1.48521968638438,-0.196600364684464,-0.144945574806041,-2.02403184756889,-0.0259152367392507,0.376880946151874,-0.786755389948598,-0.655146884885675,1.82036467750767,0.547487142235105,-0.988812160150144,0.168431976033008,0.40407863261307,-1.27241883344516,-0.0529517883887491,-0.0939175971388466,2.05534415781406,0.62949809916009,-0.128507457324353,0.814163317020302,-0.680810157783314,-0.673603773636209,0.523925347967203,0.347497157511955,-0.936849453188982,0.43383762815072,0.0479373454970075,1.06186866969812,-0.246247561832665,0.402865500581429,0.101868696443568,0.711899281569357,-0.349745159092463,0.0861030703015179,0.968695162111633,-0.492871622814125,-0.155857891016902,1.46270815192023,-0.672667158902956,0.884765947253017,-1.04444411570915,-1.19637424738382,0.0382160897781641
-0.194924855938703,1.30020182573873,2.18980240744457,1.63277073062568,0.746985975187589,0.462798120371907,0.615956968812276,-0.60596212371915,1.70648151691332,-0.147683982071402,1.22814931176355,0.0608791168365803,2.77901467799738,0.07598129056358,1.45923832881653,1.22909887863551,-0.0959503544229127,0.646237383101923,0.399335377705805,1.49652877875892,1.00193525129337,0.0916525772664331,0.722361389026726,1.13842537431366,0.583839061201356,1.67203683998745,0.981501819644986,0.786344631325958,0.51975312256412,0.739185827578396,0.0531502139802992,0.391206806029392,1.69883033270438,0.655089268205353,1.37577413613048,1.74753944548354,0.0685000979136345,2.14682138883173,-0.0772437824991129,-0.289938778293027,0.639980002767738,1.07246094138624,0.950401510723318,-0.381760596049651,-0.293358522123092,0.984507381829331,-0.0321841563054189,-0.171532047258712,1.01033567364322,-0.0282767622777861,0.220683369303194,-0.187384693777602,0.979308597540265,1.62262806253998,-0.0871905170778791,1.28465414267798,2.01489241484834,0.262030792236507,0.12086818860427,0.187369539990785,-0.133110899480171,-0.313680707696805,0.087789625385625,0.929796751736805,0.835021620949106,0.430107731932823,0.772723505599549,0.814251083351208,0.677532964009896,0.253890499152905,1.23390477034319,2.31047747120275,1.20036610878189,0.877884936894959,1.50804934546467,-0.00469731506041005,-0.656814371868958,1.54447275702417,0.621031680794303,0.877357814137969,0.554859326283769,0.582952108130361,-0.375060327073709,-0.708338012193671,0.440880282559376,0.184887183794885,0.816681717567252,-0.0774421394033629,0.162016003227424,-0.477601445568761,0.341129746002803,1.38982875503118,-1.24094360021723,0.579505127116634,0.16549597101152,-0.292175715348528,0.125605121676918,-0.180436948866762,0.272791118637658,0.471380450887378,1.81564950040885,0.716950838976495,0.844819386245971,1.50164608881569,0.512120706491379,0.859109129576174,1.0920570888933,0.761320454125626,-0.525457726382672,0.434594682862819,1.07977309659009,0.530717359795272,-0.631866067271838,0.242055386092789,0.537694132384015,-0.111660268159159,1.73028072074624,0.191453173770464,1.2547801090602,1.61758914053465,1.60085862335162,0.946824515730363,0.729768415885959,0.995656630534671,1.00339679184918,0.513289639490479,0.554173013575469,1.57533547062401,0.665168935272284,0.236384901766348,0.000589360382878601,-0.722954672120646,1.24742106828756,2.32183597735556,1.26483448700533,0.808552635644197,0.486235953409479,1.00536050002875,-0.370345650104883,-0.315038412660593,1.19172067003584,0.19452895488088,0.694839348947431,1.0651882803887,1.63171522098751,0.137643819663324,1.12347089780824,0.72672825971641,1.00743749049566,-0.0867393359466715,0.878535835480162,1.36637239934543,1.07757144028737,0.117519103276504,1.39488233079865,0.0985354640711515,1.54205221302772,0.411396219658726,0.088937513682898,0.153670780345564,0.574014311693769,0.186604854229859,-0.0332359245487743,0.864409328008857,0.194997608962321,0.915416588784811,2.46541947585542,0.0675010439876427
0.21834801083504,0.513690798605542,0.799632570075878,0.00616251091600306,0.221017971004266,-0.986107509758263,-0.0719791464671332,0.199178440820344,0.55041615272625,-0.778999439280812,-0.324824806129723,1.0519414957873,0.357628835832296,0.777803220089642,0.601551441277912,1.48005894338726,-0.105637201143769,0.794093914743115,1.67569674992682,0.39666959555289,0.0759184987451135,-0.835212437735809,0.0332576435613857,-0.147205288082694,0.223182535969471,0.286029841428898,0.720189212228627,0.842257699793004,0.692980019079303,0.60806346396444,-0.362852921653067,-0.238755497599138,-0.279488665151926,0.343473107414963,0.114049375745907,-0.477457992341169,-0.404765290336555,0.449971156564922,0.437182704442492,-1.71991428760265,0.168920530646344,1.37937656192291,0.78020762774261,1.06898384222023,-0.36819263937551,0.660538717493968,0.410810383942567,0.258055454373948,0.845335502370068,0.846584522970522,-0.0436350846133287,0.0216280971494041,0.84875382024496,1.0455667381031,0.271110873543904,0.381933559216956,-0.253023641381505,0.665584983448595,-0.407338476022024,0.188466879089598,0.729638084409433,0.54282749553755,0.458012662985507,0.330461497592232,0.452247633969964,0.353492594050187,0.130981113977638,0.99615730627572,0.796285671380984,-0.592529312901729,0.807667787686621,0.195792178092523,-0.0808211971147177,0.911726660109942,0.0150018508111097,-0.0706095246749225,-1.11919748660526,0.622129689925201,-0.430213884071715,0.601808484983393,0.861658170087921,-0.369120252873228,-1.01365843007615,0.188820154048238,1.71268332169303,1.19676882314364,-0.381698196447595,-0.717715525432422,0.397017156231828,0.0833590651714196,0.782194726024542,1.39760543313762,0.00309748442713181,-0.0800683560190295,1.00524973797058,0.325939455360367,1.05399830468825,0.481310838182048,-0.148671649682898,0.370039913304471,0.0630162821299722,1.17313196412414,0.0557800412569212,-0.314455811908378,0.0161328463689255,0.463449023299542,0.0559167435193518,0.944103790351973,1.0581936365222,-0.509737661725484,-0.56971680125957,0.261194974122914,0.973178604950778,1.21324281256446,-0.66075627796726,0.610041627362573,0.518453335539112,0.564902675732011,-0.0357363591611414,-0.645139261321055,0.1238080415717,-0.136122775860624,0.0797655850547838,-0.310250209928978,0.409484281584539,0.653396494925713,-0.325457066656126,0.564304187896837,0.786794912175247,0.316552679228342,0.428096674105213,-0.0895069906393932,0.519520629713508,0.278904187937713,-0.39002559743424,0.913874096149962,0.466320863896787,-1.26330092211903,0.899313140902904,-0.0883353740802744,-0.431792848851568,-0.41296510927089,0.793679857426847,0.864253384374802,-0.192010566045689,0.726121450778993,0.694360145171883,0.203801954918211,-0.830080595988979,-0.508449053840612,0.494812217442324,0.057920573989165,1.30605600784894,-0.0414237510534839,-0.418690642113645,1.13077008085304,-0.416344034856468,0.624131296099491,0.519696870495952,-0.673044030601867,-0.177732189283329,0.158464654076122,-0.0813188747969852,0.199206588536185,0.748925528243259,-0.133153878329204,0.099924483650263,-0.691456412504613
1.01977890247982,1.22290866550181,0.581115789303279,1.30840884181819,-1.57099567460059,1.16937706142643,0.0359568897359455,-0.528879972004714,2.25907841412728,0.808244459767578,0.906857617751108,1.34138352672579,0.878671642195113,0.103059453153486,1.7044513693316,1.873668342125,0.219749301239365,1.69543348501554,0.556200331759111,0.855903690091088,-0.837735728837004,1.12965050037475,-0.362516376698386,1.64493090067573,-0.32670013308581,-0.456540231457647,0.193604607343617,1.045634900377,1.72800739327045,1.0984974834196,0.525072195536428,-0.0567038087877038,0.323186927125514,0.895411050147428,1.13980730759302,-1.96464860921089,0.581416347677421,1.45013866587228,0.638183424100214,0.711425370986267,-0.126806033685488,0.538205206992194,-0.0164971258664308,1.36156970914661,0.604550445357185,0.713012405717692,-0.403372248218439,-0.164434831052697,0.898544950867381,-0.972437480550751,-0.0928076022042821,-0.186835326461316,0.198023203938311,0.296566486010878,1.14564666161851,1.50473724115169,0.228386298556772,-0.851847104991504,1.01729793311892,0.768229831825177,-0.0461204946635164,-1.22636312356081,0.175646382541497,-0.075597698575916,0.827833997911826,0.333093092181777,1.85832997380769,0.72974998797757,1.3634036305126,-0.221099002343932,1.51903635470702,1.01454676290253,0.842479839359861,1.61075164545418,0.519074078966551,0.729276040058491,0.994544672153577,-0.742056141215024,0.561048446592571,1.07373596942218,1.19257862730203,-0.539316077307324,-0.742104950221937,0.84548763413595,-0.0461670162831623,0.834650555065144,0.826627676105621,1.0768308494466,0.138991673143181,2.17563911452136,0.952452881932349,-0.327217067017433,0.184868908827962,-0.0746228851001437,-0.272491497086068,-0.417208588642814,0.13646755943479,-0.600591214605395,-0.370320882499161,0.333222371851262,-0.274140139794197,1.40811546483445,0.677747994630424,1.01155769273875,0.14520107106469,0.387884392961768,0.638098635827045,-0.360706910506278,1.15771661248088,-0.436317586028434,-0.0657652954360183,0.755360774325839,-0.786772789693542,1.76558443099195,0.0487041141593201,0.737373856684979,1.61522157788991,0.156137306005927,1.48906734836549,-0.303902321376149,1.21023719947981,-0.298737602821163,1.09723997353809,1.23664759667304,-0.138394685451557,1.21568520546854,0.641504636960536,0.261416682423871,-0.138420180662193,-0.671143282268772,1.09733829304885,0.564924585842868,0.338711281124052,0.722718179355205,1.09649051346189,-0.404838761145011,0.203331377722273,-0.913343672177203,0.577620048950032,-0.839515487481099,1.35557045968317,-0.718125601580242,0.2561009598674,1.74480528981605,-0.409515220896792,-0.0698749211568892,1.19613459971895,1.25237073628529,0.200357320661468,1.29813897567654,-0.628771014132159,1.08355490105175,0.950424844058775,1.1243404829698,0.823225434677234,-0.456924353768611,0.118697716129627,-0.43044122956156,0.639732008045537,0.707317064534945,1.18333014459765,0.701140502098915,1.02717090924892,0.509273883663257,1.47852153563238,0.452866160648941,1.36200529324393,1.40974470742878
0.927763245862349,0.364252875138751,0.619504995792522,0.499539841594731,0.616180893068309,0.0217512645089172,0.561759837996504,0.82768606334376,0.475001241835804,1.40913263729038,-0.551531608266815,0.618541464391416,0.684150149555114,-0.544176257313796,0.0984020611722027,0.474500913221042,0.838634279858004,-0.473819258258636,-0.177128884543734,-0.160180853927702,0.81365334985153,0.258916169550134,-0.112487096926862,-0.38089236502742,0.0649405943939852,0.152902795729275,0.236015247528061,0.586034340140211,0.276829251944099,-0.299066090357912,0.88812715424619,-0.475010775516603,0.390558811409998,-1.35445339809065,-1.20567699130649,1.11430643024125,0.0429252462734864,-0.0113431269379477,0.657973581699991,-0.233313213682026,0.225612060921351,-1.01853817984229,0.66153442645773,-0.23514744026722,0.623198725538012,1.14403172613208,-0.40737382583809,0.391753899279798,0.55889069427612,0.773451914242629,0.378545969554374,-0.325530160198483,0.998607196478633,0.0206822347615508,0.665255617503076,1.42126346636955,1.33023575256156,0.27788594530316,1.18574325609399,0.0647836354633304,0.541871204020985,-0.556091376741055,-0.375521644686458,0.0393875156022953,0.855744289879505,2.07292069414204,0.762857600815392,0.454255498551848,0.638606670131151,0.987485088528375,-0.0769805996707815,-1.0217241825728,0.675575837119683,1.11255251607123,-0.59201070163652,0.398706289661057,1.50007026500477,-0.981212387707753,0.894105674589054,0.492364411461231,0.44960131179041,1.17550903932134,0.148232331215385,-0.0913169874492781,0.581023906543729,-0.207642193122234,0.390661809614408,0.583167668555749,-0.114228144212107,-0.456973932008536,0.316210634676683,1.08025050000034,0.198733194493681,0.791689974720932,0.108377098546717,-0.213828971316218,0.508214376026117,0.551740027347255,0.856026679741871,-1.30066937951547,0.0136061936064806,0.0871121535220322,-0.245791851172475,0.410162608331926,1.2989103448975,-0.103878162992183,-0.00479385800397061,-1.09471507295139,1.23831760747176,0.351761997488715,-0.54015372886779,-0.252136711753003,-0.216115207741675,-0.504239028232442,0.0425811452962863,0.0674549036445989,0.251723460897639,-0.452221621415207,0.732236226103959,0.386114312994028,-0.288942621386936,2.12795012811304,0.41538288781602,-0.414980993065527,-1.06820290037301,-0.644299808349337,-0.293795684836608,0.55417740904856,0.451561787472931,0.2653083287324,0.532369610933061,0.369247410849895,0.113532062352221,0.727215961504685,-0.0102472204370641,0.405334962929899,0.0781388162265054,-0.0931596965731813,0.733597229841366,0.584201366532225,0.431454368821303,-0.349134610618762,0.816634130641408,0.2566582383526,0.760119956699036,0.0701897881556578,-0.889243815588971,0.876385319101229,0.140211025908009,-0.220476838692271,-0.182252882506351,1.25476470684091,0.306642547079461,-0.195362119408776,0.495477951740181,0.479536974305562,0.952177966262487,0.407157535847432,1.47905254730361,-0.415890524311476,0.680105242490751,0.351280472111064,0.707378149749987,1.20650445987599,0.878267581529248,-0.0911585811121505,-0.395223626169076,0.0435755967692573
-0.228690027200199,-0.434257391779711,-0.483440546167912,0.453416554103731,-0.421983223094898,-0.0544585410338455,-0.213800364206296,0.754527581403174,0.47217922432059,0.505361114355494,0.471714791211172,0.910865616549646,-0.218742890808673,0.146797156901529,0.455543885239586,0.134690824725807,-0.0537005132974266,0.133748087933151,1.22571927766058,0.719357153164192,1.53360389379651,-0.038510851079032,-1.18257608905958,-0.455180428328983,1.50884995791378,-0.218347929620094,-0.279572919794704,-0.289919977306441,0.674904369115341,0.215271729160565,-0.410624167081531,1.01317363568425,1.60285642563623,-0.543319666311546,0.293374867575462,-1.00953737291548,0.233664312379563,0.500362917087431,1.02718221589489,1.0094005268976,0.261800575656149,0.808267252864688,-0.451964336078544,0.492501836108455,0.679726988244158,0.191996423493175,0.0735348938411547,0.313385044362922,0.475751510168562,0.870500309595272,-0.325394626604159,-0.593946456476278,-0.239868371998917,-0.0903347548971015,-0.0253427380419164,0.809725849942499,-1.06709250047211,0.810359126201368,-0.422144039994928,1.05401955163476,1.08661583062091,1.75553971236265,0.21591526568971,-0.573532615219725,2.21762030298196,0.178421460290207,0.856266684591437,0.702921065066425,-0.973829134481576,0.059538331662867,0.478475075278471,0.157755641578785,0.403149449184765,0.449138949307317,-0.724183691827458,0.106591972491823,1.66005700393321,0.103559369910597,-0.094416976649657,-0.0961154367408613,0.867305545194799,-1.18320352253444,0.282943223898416,0.250617045984572,-0.679083078878861,-0.532679243753009,-0.328428584633766,0.355675983321034,1.36217389528425,-0.0481101842330831,0.0718206782584694,0.727394709162165,-0.940954021299463,-1.10841943280063,0.639967526780241,-0.246186537652147,0.393604356184642,0.919868998614253,-0.50008377827435,0.219345652105804,0.161256720487441,0.594808914868684,-0.42859166357496,0.267320755640797,0.885364231359008,-0.620875802672898,0.598215042908983,-0.845311772713599,0.261260747587825,-0.506110511332558,-0.234316302012806,0.612540018586057,-1.07813666166918,0.351166472211303,0.137695842483009,0.855617973325823,-0.245961893663693,-0.44543367078719,-0.466323026547881,0.0966212325186961,-0.157676839868787,-0.927795535784026,0.405752455028284,0.443819398648702,1.15587138718175,0.531805374616476,0.601125982176958,0.317320605816772,0.710392189408683,0.481187361171771,0.159276783763949,-0.127151375891367,-1.19346359893461,0.419969615569001,-0.498099403489894,0.636038526992132,0.384873793474945,1.90994748732531,-0.160116685906286,0.454651515128835,-0.0764959949839661,-0.794579569828974,1.63913690295224,-0.813657270017485,0.578121232459643,0.260352753924719,-0.376076344421974,0.243041061906962,-0.374436393802559,-0.234115203925336,-0.510370970618322,-0.348820040554333,-1.29352248019612,1.43621656861684,-0.940111380755569,0.560308159307696,-0.435639741466033,0.0527937391765338,0.432981383034348,1.25184993572894,0.305974005878391,0.368552061680557,1.54379040810057,0.289132600289759,-1.48619051650959,-1.27284724651893,1.30697283599859,-0.217389447435363
0.173642903082505,-0.159440804662426,0.598027655939958,0.860085802345403,0.944355532228384,-0.317888384042938,0.351523185340125,0.510385487822173,0.211397180559394,0.0764526693659571,0.551171122432161,0.500315747673587,-0.0450040543632529,-0.884190606743589,0.30687991753773,0.644843397402013,-0.100307231413202,0.267642695451573,0.543140537435641,0.352432737573412,0.748960214812668,1.97598681267395,1.76416956391594,0.409673881343629,0.111138959253286,0.340404350697734,-0.722311738573111,0.722729270737672,-0.301090043199585,0.581997946588472,0.667127215281725,0.334085073340817,-0.172911400099693,-0.358452091494133,0.836152602788737,0.618219708516358,0.354892103456334,0.668222488800749,-0.0535371963172934,0.299782323573483,0.746962270970086,0.668726919939598,0.881397044162551,-0.841943905521573,0.394112896990353,-0.905337083296573,-0.0774264568242323,0.253198196223196,0.939436710251639,0.0529032508254769,0.421805631386538,1.42102819430944,-1.1178117719643,0.204925174201665,-0.272557844379152,-1.2477030543874,0.238445518826659,0.317317695037984,1.25143989434667,-0.138405904957694,0.0567054624695087,-0.144730173182616,-0.0999898011353048,-0.687162439904771,-0.616265704516201,0.118067698861961,1.35070581919232,0.0155043582278802,-0.423929481739728,0.660836805542723,1.21996897095297,0.618912441103902,0.393642007499095,0.783364270129963,-0.573988198840321,0.125444063780645,-0.0236049076929535,1.35788596317056,0.73675573088142,1.2649853547637,-1.2910889918685,-0.615374519274109,0.470211479563504,-0.412755456923921,-0.479182432606131,0.421067768923102,0.0743953003469885,0.286061777193752,0.673000046285029,1.03609179353716,0.110515759575163,0.717015493740579,-0.0903324387139135,-0.761156444712409,1.29523780617789,-1.03302275059615,0.745886726396864,-0.0922689106601546,0.0427545936709212,0.360082411376452,-0.993068970988231,-0.514694760877268,-0.0864962474026399,0.144243913751241,-1.15012312659272,-0.326396718749753,0.708140415317747,0.0875485447903343,1.33717031074625,0.836222337540796,-0.310358565788628,-0.20814877271449,0.136674144729341,-0.505078798974853,1.1354507306516,1.03575214692559,0.332373694116873,-0.259781384658867,0.88434939874576,0.39201657995891,0.0447641262908019,-0.380287585005014,0.983444432027717,-0.261344940624945,0.775306181407408,0.0693967712782199,0.546744858126702,-0.664200972372185,1.64432603859203,0.382139454417811,-0.569210902434671,0.161657262542642,-0.131827164688777,-0.799566779552017,-0.0630041994374251,-0.554004555167737,0.0630451596919745,-0.782617376101055,-1.11726405027212,-0.184335676485735,0.623018772468734,1.09050106915138,0.632255222907352,0.764149273647089,-0.209115553688471,0.375799095183721,0.43454063232163,-0.253010642890245,1.49627776289502,0.699329070206242,-0.00617185968890699,0.762681546016505,0.751419345943161,0.462936965194995,0.602897440170382,-0.631721531113198,2.49778430868551,0.934944520838239,-0.0309354268632673,0.215926052367285,-0.128652544958323,-1.0498450721496,-0.856274215047362,0.25043665304847,1.04206802788442,-0.331721586795297,1.09990150634332,-0.233004936068809
0.0692857736520018,0.153991195021533,1.59877059655804,-0.573008698064501,0.822020690236008,-0.120648046172624,1.55650540859692,0.272964080722889,1.46572470357914,0.675052317212123,0.210275319159604,-0.284230116718692,0.368435105154052,0.95312037752362,1.24807168906977,-0.66597603873169,0.599072113982518,-0.0441847962336199,1.21593001334384,1.57672412321283,-1.26787398564332,0.295260613735864,2.02221259976619,0.57693589644059,0.415778391603579,0.728340833708242,-0.1712512152281,-0.694348828901889,1.19194213788936,0.752031001410975,0.219170435253758,0.969424815939465,1.13915263077227,0.968482413622906,1.01011455424719,0.526681247561811,0.88316605164664,-0.394842017536738,0.412192367668652,-1.05742432093517,0.535677608784573,0.42825909822681,0.258315998814334,0.750589403170256,-0.231233575273311,1.27148662741014,0.899674920304742,0.219027961598685,1.56984548634515,0.180166961518304,0.0638020190751944,2.14295845821113,-0.210068327216862,-0.750075371823385,0.433364400242806,0.685385541302036,0.811800577464417,0.234222611603335,-0.0911289880621803,-0.364188160096997,2.28007226650913,-0.82965529858156,-0.512503349640857,-0.418108582863641,0.963157190898318,1.38468878968822,0.491933460478911,0.678642592884929,1.0776005877787,0.781696379932082,0.00729188078118376,1.61341075828781,-0.441483014701893,0.0551191794849266,0.322649878535511,0.777421927128499,-0.41765414207229,1.06349778358809,1.5702456990009,1.15554742534029,-0.0282573471677935,-0.675716490071982,1.49416262605709,-0.474128457211091,0.653049411681127,1.86471576031264,-0.299483258493974,1.84657889797096,1.4731506287552,0.0142361980594471,-0.873286041131494,1.03987899992235,0.211908968948255,0.113054811038324,-0.123191384599327,1.32032544906122,0.210128711513748,0.581659943213526,2.19425766275108,-0.14934920710422,-0.674941901098271,0.959567582119457,-0.168196999785021,-0.0943096700023399,0.318333944910155,0.0563990534836682,1.12830838472974,0.818902535436699,0.592352013396553,1.66556133059539,0.297133688308941,0.836480381220536,0.19634272851846,-0.0721832554070883,1.00485547170332,1.05180600806688,1.02903128025814,0.186035321427204,1.37626320142249,0.571775459221253,-0.0898164059450044,-0.287723702825764,0.41789141348152,-0.013240054428467,-1.06573386066461,-0.495079622162495,-0.849766546857654,0.934221057319066,-0.442335021664724,0.540141910064826,-0.649496516534545,-0.0521143748626915,0.688088052953078,0.130150555927496,0.58147608716025,-0.298318755668156,-0.886654641775809,-0.0621717289648206,0.292766568502584,0.305394122595602,0.563418977646515,-1.12126924163856,0.856711232713426,-0.163440340850879,-0.836059341267672,0.305069883794723,-0.221634112798948,-0.178171879923856,0.829396257217811,-0.136939859189575,1.72435166585887,1.27829818117359,1.08620525902788,-1.10453469652664,-0.107642830890282,1.11763015920616,0.282745771440779,-0.698209134475809,-0.97560455787587,0.749944731947577,-0.23852480152684,-0.115109397940213,0.45979129076724,-0.606920479931678,0.933584433586575,0.734127184641383,0.838779203937745,0.227000877506881
0.202848394460524,-0.612087168882541,0.942783599101963,0.188287955204396,-0.190071067625423,0.460263098336015,1.36651141614057,-0.0776661595616411,1.70523982865787,0.369950259421941,0.218386748306705,0.00994007973814912,1.29453243953645,-0.766946959492774,1.53887581156806,1.19334079173358,-1.0396531600685,-0.850516557114187,2.62157571078979,1.00054516691647,1.59239873522696,0.491833114878728,-0.645344495840143,1.01111247641611,0.0689471734424484,0.0262587169264283,1.6136785933045,0.550469161932211,-1.32579327562352,0.485811559066428,1.12185550401306,0.409613485286605,2.70095724809906,-0.0133657102493716,-1.2808959010191,-0.619689039501915,-0.35016032917204,0.509322381933961,-0.106334721877228,-1.14145622970571,-0.654342707466702,-0.161347776125844,-0.890305026153638,0.422440126317635,-0.955087985200689,-0.638040862625748,0.120520048786456,-0.376054177225874,-0.660508099150688,1.54744668716489,-1.01314027959084,1.33185954535637,1.8332202978585,-0.700867483160378,0.21954064036225,1.44697356933084,-0.438169459519729,0.411814050708077,1.23904010465777,-0.981189326964335,1.31017652519585,-0.129848929984803,0.814606831429205,1.35955129660914,-2.19421876183767,-0.803516308626371,-0.463945730075802,-0.04522859560648,-2.34608598594305,1.04141454789243,-0.23719315374987,-2.8719972110473,0.0426012060943531,-0.218946261280808,-0.371178942879526,1.05871609376263,0.103979418179899,0.123904111956767,-1.45722197255363,0.0935793579959585,-0.918174907596618,0.872463914922933,-1.37035456710318,-0.775743445879533,-0.143662379855101,-0.431229363734003,1.42180135385226,0.423314852065097,0.163886583714616,0.412629043414971,-0.305192005225792,-0.911300112964043,1.2764941754074,0.0676438024325636,1.99145358259235,0.705081593395248,0.912643521051288,1.7411954400313,1.16458079242623,-0.669724986062588,1.45990350034499,1.52359939396631,2.99980628632106,-0.903321026750447,1.78391827897963,-1.13578891139214,-0.74704956549321,-1.70439893560507,0.373977498124268,-1.31082562524541,0.665449837232373,2.71777332199912,-1.3242389007966,-1.5545901984431,-0.813027233645079,-0.514389220202188,0.845266952542847,-0.928667265245314,-0.0720369175851306,1.51117729698319,-0.557385469739727,-0.140754051673248,-2.57718747858304,1.09749025267837,0.261150257559129,1.85731489991103,-0.58263127007948,-0.470965669295642,2.21960924363126,-0.00897355770006339,-0.493346461423056,1.31255066334023,-1.57545804644122,0.0771412670238156,-1.87433691914365,-1.43097187433168,-0.0363333771639555,1.01470960900691,1.61112158903916,0.401884246495688,1.42588560548309,-0.0313384153320189,0.0636802667511397,1.01076329861809,1.69864019653788,-0.554240574332109,0.178005553412333,0.882992888100903,-0.858583690713312,1.33770960936279,0.971874047449095,0.216765792246257,-1.09167452667159,-0.896137166712717,3.08123382911043,2.22107142181199,-0.229358661950124,-0.552881507100028,-0.67472958964769,-0.586477164529848,-2.13312328232788,0.665157327788269,-1.07932525280411,1.12659496040583,1.17193277815654,1.10206724928232,0.249725043517202,2.01302181797756
0.931631472159009,-0.298952760901125,1.40866169069994,-0.703289337352904,-0.180806779860249,0.129323921056245,-0.210758518389533,-0.269587171020651,-0.0243645640607333,1.61459689305778,-0.236807775057627,0.817968151465352,1.01688542682022,0.797666381357141,0.102196330675999,0.100906285088431,0.767781000739544,0.312932229383274,0.445223435108813,1.6994440635171,0.775905936130816,0.663304900877634,1.47300753986224,1.32718582938576,-0.358839614347152,0.534097859114883,1.79904025270485,0.136143006636423,-0.607615500549257,1.00388360000492,0.397261570048467,0.141351249887057,-0.412560727707067,-1.16272852230396,-0.00614889605993052,-0.0702646692767216,-0.842170236244973,0.124916806594475,0.45598938343175,0.421149868741261,0.71335196280736,2.05845204150973,-0.123646259812384,0.196755313063638,1.30892167666129,-0.395977047695601,0.707517546013966,-0.969621622470874,0.0731391307302411,-0.10065694024815,0.814809496831345,-0.350184552611206,0.392400537324583,1.82398045575745,1.69702061983189,1.74579649265727,2.51034350114915,-0.533468713346439,-0.0887638851886027,-0.0457592416566772,-0.102085175070819,-1.24471051774703,0.25849926262612,1.19326841258965,-0.51727149466875,0.106462969136239,-1.04479064060004,-0.601727857966999,1.34806085237604,-0.252725195607732,-0.0632786419003288,0.446699397250911,0.633442675336821,-0.429741161564205,1.95298452668598,0.172545514227462,0.0656442231932057,1.90631887028042,0.285195703447764,-1.66321096267772,0.627232851794684,1.89189814867422,0.588710815913978,-0.00139798415816417,1.10790881693639,0.0271227585528929,1.30499548702595,-1.22665757348945,1.38985033011911,0.913309413775142,0.0253605786282625,-0.789765777635329,0.261011640894522,-0.237518162281474,-0.317234114462467,1.08548300781758,-0.0117505780986562,0.614770573388022,-0.0997122735362735,1.77881266967433,-0.22898928735768,-0.917659628100466,-0.289117642429633,1.57261346663407,0.249093084258836,0.231315414957487,0.78320005886693,1.77656935542593,0.736872966015558,0.561542180531402,1.27015325887865,0.248351072194721,-0.113613621221066,1.38355926993026,2.23193895494381,-0.337846961829651,0.753482040902688,1.54151264313907,0.0475387444743855,-0.0229283843124282,-0.687091004427201,0.573284633514117,-0.15079886470306,1.13325857080203,1.21922319103679,0.0232652451898286,0.262695131104089,0.261739860400385,0.335950511867633,0.0219763190860732,1.38763739193882,0.634107914303658,-0.404656765355874,-1.25666324263091,0.174123208367554,-1.25743191424784,0.0134941791488737,-0.440857030392919,-0.344545118946289,-1.59959887993895,0.67893179971325,-0.0984588824383522,0.0400055113433044,0.781960496167129,-1.61070477039738,0.90455924754769,-1.47484111579319,0.958682919591131,-0.0120694527995904,0.0744755253035856,1.07022420268126,1.02137030619332,0.836177918620471,0.767635716967879,-0.490568500005997,-0.817000719254999,-0.545612005671031,-0.557789223731796,-0.0564682526881378,1.02334219115896,-0.275390751347122,-0.680361428660247,1.08450357506313,-0.359102796163037,0.522216778700582,1.49891821479951,0.814305472401641,0.737865514550512
1.60490196004045,-1.79279511769598,0.175346788865329,0.286709385720344,1.39871248670167,0.428322165661927,-0.710525884426399,0.925968341422738,0.44132167768985,1.08135755541591,0.791713551875574,0.543897467960862,0.193077183456188,0.261793340584432,2.29302158461209,-0.236931025075001,-0.483251275133102,1.15130738819917,-0.596837375067404,-0.113034977947393,0.360594796952437,-0.862147011415476,-0.212440584891981,1.40684405984163,0.67200474940428,1.22444288671541,0.324849369267742,0.085846237073506,1.12949919365209,0.797793060625268,0.7506343117473,1.22818556727335,1.02678888030368,2.15157409583458,-0.067373642260685,0.413163924061503,0.834047749424149,-0.697387739173487,-1.17352279318605,1.40425670155909,0.608856442797241,1.72885026327516,-0.241616936106376,0.817218574185027,1.73598213679353,1.83569904264354,0.0160020414791065,0.364309645928147,-1.09175427451354,-0.484622377069499,-1.0735272267638,1.49505434100623,-0.0692765772887646,-0.105646714398389,0.51002225808562,0.747153687960103,-0.223195538922169,-0.50922690122771,0.506731229093688,-0.285166673621885,-0.668649953898295,1.14755334946309,1.0870456070007,-0.0643059796186051,-0.155643856292814,-0.0412671306516774,1.49593142261598,1.03472626793784,1.28885527699593,-0.262809093359567,-0.500254440416443,0.308504364726921,-0.62037947671374,1.9430867271452,-1.00432677321623,0.722076650624837,0.108149528274039,0.0574306305745177,-2.20438639317581,-0.191345595170575,1.36698028532148,2.57345045458586,-0.422822089453167,0.638491018110187,-0.293626472599342,0.73516516640499,-2.15337301548698,-0.193144301778751,-1.06260685917774,2.18602284074431,-0.886790367001954,0.742815113090821,-0.0615940649449362,-0.634319258961518,0.858359711179378,0.443710705574912,0.425652051488462,-0.162602592280534,1.22381889342736,0.307103152297879,0.921149038156739,-0.677038944452416,1.1412418257686,-0.540921427883869,0.211301411765782,0.75562392537358,0.0794451367550418,1.22153249890389,-1.51600286005466,0.801138197440969,-0.984633315590937,0.649206985982602,-0.12465453027905,1.68794375731638,1.05150561258821,-0.0643821090872502,-0.26534642920553,0.222284963404794,1.2825762843632,-0.479062704204175,-0.382824899921208,-1.03616832396385,0.438714570451014,1.00862435657767,0.255130011027037,-1.28581876734648,-0.313811324938536,1.45849937859096,0.337068395497998,-0.258645265032886,-0.0999010487952033,0.257451352210368,0.637629190570194,0.112103861453755,0.440411126542632,-0.2516759033514,-0.41814080462955,0.410335074883511,1.48031255662283,0.737581144850468,0.401162395767029,-1.56437951817,-0.151535958285362,1.60981979415173,-0.141936966281582,-0.304386219928202,-0.716262864433008,1.73339596701124,0.802231190678973,1.32993442278368,-0.581548091717526,2.708563179381,0.542677084522605,0.784712090241527,-0.216914068056874,0.0706877941397983,0.535000956595794,-0.116527594002707,0.656666524713439,0.486685973373349,0.664290008405783,0.982632332304156,1.04863031950687,0.697169175894423,0.0623617339074321,1.08844488030063,-0.285279187206239,1.10915068113538
0.5549979042219,0.0883529070617927,0.136865229250796,-0.348435404724104,1.02990630224702,-0.49983672185422,-0.0670128446264582,0.561480621048154,-0.729860580466148,1.48947494557117,1.67479353511665,0.908999942698296,0.205844334773915,1.88457255785959,0.337193538778977,0.820286521467408,0.408745272109557,0.125533528134536,0.68296956162314,-0.868571100803763,0.463493308016489,0.484712159337335,0.4060651998001,-0.158737350645738,0.766461419715523,0.447686410401026,1.64146772748179,0.716144339521509,0.487985463922586,0.618035017808391,1.43193321073469,-1.19332277232689,-0.110342569629529,0.780222640589747,0.759292952045485,1.49039190208702,-0.0481077632674211,0.412986813817102,0.48819598676497,-1.07393580265575,1.91748042436915,1.6853552774366,1.20471446799416,0.372399448810365,2.20251525121122,0.930087091608249,1.49491429875711,-0.83104605455598,1.31254546949624,0.972641603599539,0.183722767844774,1.43513217093665,-0.162955530307389,0.329378890052867,0.702098353907332,-0.456887854014367,0.291763228306157,1.86538428593107,0.624475157775821,0.530490178493671,0.364677494892268,-0.321738081974778,1.00833123014558,1.24070000313126,0.341554584207462,1.88743963429997,0.0414082512730681,1.40809769180057,0.754758158868846,0.1472370496051,0.604674577520343,0.297020429262123,-0.537552059724552,0.457614523179336,-0.108022548927212,1.84449023304476,0.803894397622204,0.646300406251899,0.274411652960268,1.39486272154986,0.639545218006505,0.624711154316548,0.650164308833507,0.496791458697289,-0.119042099853582,0.753070038874008,-0.327602593452541,1.81630551843809,1.14000139917058,0.169328681869457,0.494720831398283,0.459076276201546,-0.07958745685821,1.23748573774377,0.672054136368395,-0.156515900161412,0.762768165120307,-0.291278015931904,1.1843152354377,0.905979151686402,2.05591666020346,0.262436166019319,-0.492228821671388,1.65557817662589,0.683473059447568,1.59441569289956,1.16190076120425,0.709703757534335,0.0753227051514833,0.408265543722813,0.864270520646005,-0.879673771131199,0.174271618786325,1.24220386497854,1.25765917272314,-0.634340306546945,-0.112991088109446,0.0533714836470556,0.720239671187624,-0.389408067528256,-0.544806261945459,1.50647825716303,1.2099907039961,1.50276706245472,0.445605673213019,1.6907271945082,-0.721810727668526,0.368956897089748,0.702814424162898,0.74360259431326,0.938285739916492,0.691992659558315,0.141767283740495,0.960257040721445,-1.01945119997889,1.17659407264317,-0.293327118625589,0.954192282993755,-0.264988388439046,-0.622170661714782,-0.351277490251438,0.209111639003562,1.47061235150093,0.875919092093735,0.836148793569301,1.14479852814808,1.17692181315225,-0.36397487194109,1.85632192803835,-0.202154610351514,-0.140127183395782,-0.781944550866348,0.0734155551102172,-0.313907485498063,2.14356471930637,0.890686349372762,1.91558981625735,0.263374554180942,1.32282577264413,0.146457103143341,1.10513924192453,1.12257853051165,-0.692643032318287,0.693992365020904,0.281424461623218,1.14728294263684,0.44726046582318,-0.524487320211941
0.97119100268178,0.0788768341983533,0.63656716490942,0.235980387965436,0.427582647302325,-0.612422010246291,0.413429554399258,-0.511160312513574,0.160769206101764,-0.11629865847716,1.75815681962441,0.1806823245852,0.261287965354619,0.845022925863788,0.168921226370959,1.30560983989144,0.573064811916083,0.21447105690256,0.475739185006382,0.279055730597221,0.955493548113308,0.377190782403721,-0.00463477097847231,0.860176796553184,-0.0851228214524401,0.732297200334247,0.664003252608032,0.532216667268933,1.26084684396499,0.071671706911774,0.100349706707266,0.47084661878889,1.31665108314322,-0.14603076790913,0.224812707404561,0.383709121634602,0.198602000334679,0.50333722691305,0.797678363234537,0.141197175106654,0.34256071990083,0.0930449115737797,0.413106114427103,-0.0026093886200394,-1.14135121584904,0.247765888580787,0.0818474153162267,0.774936818199587,0.572644924107576,-0.0505118057315454,0.70660484878259,0.243144311666079,0.919685700220532,0.659128661841691,0.374425510423876,1.06070978366961,-0.183361946521574,0.789456798642946,0.0184102303852647,0.922328189463532,0.715396488858551,-1.11432862994727,-0.315589950521764,0.0926910454951289,0.778022470118992,0.627145888941282,0.0888949630955975,0.269649533674566,0.368632486741522,0.268898934016969,1.12794158690188,-1.0866775857907,0.0846704208173641,0.127962414232463,-0.248657417184176,0.754282573329747,0.649324925484367,0.419883357477245,-0.324237734914505,1.3076566308513,-0.21164284238224,-0.148291741508498,0.0151137711973601,2.14176346748216,-0.0460589231927397,-1.20706456333447,1.52177003960498,0.477299670811091,0.20056988720986,0.315245099875311,0.128780457447419,0.233819455712254,-0.411557949726146,-0.133747751411352,0.585851713349582,0.463408339535383,0.24672398873934,-0.777366322782602,0.270807333636362,-0.0581805919171378,0.327797039160946,-0.565108299389469,0.336244604522255,-0.157725159453705,0.512984012182619,-0.0657651194607606,0.280870138229944,-0.314068268758946,1.41665911605133,0.596775479688937,0.438900918307919,0.112346992915457,-0.285067880705593,-0.0778660315521583,0.0605028748267987,1.61585882386455,-0.297450500877106,-0.0174838176587806,1.85065296574801,0.219232597658786,-0.283886502051867,0.786389178630218,1.08187981512841,1.14525003326592,0.413321211931971,0.0413842164893433,0.841217360815223,-0.0329782194874758,0.121287000438901,-0.158393885818088,0.621852505076637,-0.124769326408138,0.530174592388636,0.936921874496972,0.589865692254967,1.55803840240238,-0.593377819854539,0.838068883193436,0.237200409009529,-0.1554153182232,0.0922814390167351,0.786432633428185,0.539608113100068,0.42574629312091,0.86063348116196,-0.131882564317977,0.244228175661731,0.512320103422254,0.149447291193873,0.746706347795661,-0.0534056526530473,-0.417319805106064,-0.139005191089355,0.104228201429659,-0.214473448828103,0.901080077713782,0.68691799212092,0.43716071075882,-0.250405388641966,0.0857165652517974,0.865959711878199,-0.0560142899737139,1.58586741621253,-0.331123337511185,0.895022145202881,-0.181639821663401,-0.0991429787891994,-0.189412518702336
0.239005557324508,0.819243009311849,0.174416878461765,0.537402183209678,0.0095050136971282,0.685260255844224,0.505137697609867,-0.696893286146504,0.945757721131024,0.566372398334549,-0.237366396121391,1.13185686120982,0.373370443454831,0.922749483857943,-0.0490874635410374,0.274238257950308,1.40553285424936,0.821303769372075,0.716358780081846,1.34949090690996,0.0541216481780928,0.908628028883179,1.73520079060129,1.37818393888669,0.0571727699552106,-0.578591373200988,0.419713990002444,-0.743935102256796,1.19820179594632,-0.0797792712731943,-0.133927156930748,0.340881265327432,0.902724414297054,1.88620506211908,-0.272672869746089,1.43161072138585,0.986642950299058,0.734149314296724,-0.152010129954332,1.23119632447468,-0.00511759203889373,0.761801330436777,-0.721516406774702,1.69890050201485,0.772414543550972,-0.496443094941566,1.9836860281549,1.19425680154528,-0.0763362821620059,0.49313201395178,-0.31640886906033,2.0531843415694,0.99741584108532,2.0076238082321,-0.40501105417474,1.33234556846897,1.22588859441927,-0.285011220756979,1.21320563268904,-0.0461399609879388,0.418810577182824,-0.0123810235947425,1.25774636577333,0.0326115715739478,1.12687996387994,0.0472776334334315,-0.145465899713358,0.207067708713948,-0.181622350418698,-0.325585933567388,0.741979365292432,-0.0251769871069728,0.0941582668421543,-1.2061788795957,1.25559784426167,0.871362339876071,-0.383069902948648,0.285393806239157,0.916679981455727,0.215887510877614,0.3921245482878,2.18163169511999,0.351087179247152,1.08636699307938,-0.298146235168591,0.192730073421108,0.508032758649524,-0.249090840752086,0.438965357193927,0.183672713693065,-0.192216168961462,-1.01360787675533,2.22094122996722,0.909589412162846,0.00179705406159558,0.909606223275736,1.00880614210538,0.577442072789481,1.12913665467956,1.24656131733163,-0.922909953072716,0.0164933532277621,1.60340605037669,0.92037481693034,0.0480010418398535,1.87649403989731,-0.123023543268627,1.99433505934585,0.39750474930437,0.597338600585231,-0.277412280501428,-0.392307316146285,0.419499490696044,0.74376925965435,0.559601332856383,0.49458119643578,0.925065693090086,1.24680291385052,-0.597598980799097,1.89451869761833,0.92925867318656,1.34990423850957,0.0807954063227771,-0.0346707983164373,0.449658976084459,1.0352539076975,0.0583316138603392,0.644225792249709,0.157393432008619,0.401660337113219,0.886227931632584,0.108570166669754,0.729466690122839,0.31060290735491,0.777456476697603,0.28524199204607,1.52976961178824,-0.474950827099014,0.89854850531958,0.555520920603031,2.16788691614402,0.769340062358101,-1.26086900619829,-0.0839691729804057,0.466401887344184,-0.113467477246331,0.94506424033713,1.02395197041307,-0.321851655928023,0.0604171797125572,0.21531397857334,0.237565216310564,1.15497761087455,1.27823080045861,-0.606949350191916,0.620463036827021,0.677181003237496,0.535196544937387,0.129462324048204,0.819760949790751,2.36559604085468,0.0982578618551047,1.16804949836707,0.353550064400064,0.421652478673338,1.14245893158783,0.996885167582839,0.759348428065351
0.608529099847649,0.391865648449469,0.780271973727105,-1.14326050110596,0.657165128849805,0.0174854148813682,-0.743764173891857,-0.513225740889327,0.781889744789344,-0.690719986720853,-0.0822052700346888,-0.442125895670453,0.533316839060651,-0.647917811658063,-0.359099901822843,-0.162122640183818,0.141953311902904,-0.374967808457113,-0.0184536908440192,0.855323752353464,0.031806143923635,0.429013913990868,1.00780778860884,-0.165774311063216,0.649921382679876,0.514508752420877,0.0488490826053253,0.303994140047974,0.129387166906451,0.290723821039935,0.510590151570757,0.617999021817528,0.5748364118493,0.425934712554071,0.21504235644294,0.00459472105382044,0.184184658817839,0.00236047012878307,-0.067856563401543,0.601748294633737,-1.30871278620261,-0.25203795653678,-1.01990815539968,0.655442886964144,-0.105032047742815,-0.590521557646628,0.614727923890614,-0.512455544229429,-1.35719882454179,0.897283358121428,-0.616650037056694,0.980372064055405,-0.484546650233024,-0.035430314390481,0.37571687539821,0.499933952272203,-0.46982300548633,0.125075574914326,0.356128367216789,0.926684753346139,1.56637662630651,1.10357688067927,0.489090799938835,0.512556562171734,-0.466769644225715,-0.027667081334716,0.36547004935747,0.49998701005722,0.568091858018057,0.873302491294676,0.200416669037448,0.210209082498148,-0.312646182534599,-1.22869610100141,0.457240443054129,-0.603121848025543,0.372889744293098,0.0251756790186449,-0.0473074399435242,0.735955127009748,-0.0210897500317522,-0.91962916103743,-0.146912146401037,0.398817918162797,0.112496806976045,0.331362538915705,0.27453856390331,0.897229614636194,0.372060001152974,0.378084020986515,-0.754443976744584,0.797457406151745,0.338428021369781,0.470233293884436,-0.34243983939002,-0.118115134833698,0.145471352435849,-0.446830595768607,1.30634378527586,0.0108085061161097,0.389548590093351,0.456029305021857,-0.836092856128297,0.808293313591652,1.15976882799556,0.0411290972661723,0.573135686185625,0.257416002911723,-0.135752182009866,0.188432803948871,0.684824019777823,-0.705133877031574,0.964400356487852,-0.0227962937068718,1.34251305616582,0.389941660672203,-0.15953028081295,0.730673161301384,0.763873945835003,0.886472705683659,0.0314618980712474,0.0312126760959872,-0.420564935780251,0.385405480696686,0.23875548463218,0.641537034598297,-0.346243058454681,-0.215180644725953,-0.449046245757288,1.66138153696109,0.313576281057385,-0.0521824110779893,0.283616750152515,0.147464227741651,-0.528955300646158,-0.0704632296007881,1.61632390488358,-0.394670542168498,0.315808450831787,-0.000863468662615552,-0.360105740632059,0.727665196870354,0.952972262487448,1.01912551001658,0.0787220993083622,0.0448174603470104,1.44607794236451,0.444885435760552,0.00292215248508443,0.457846506976879,0.404330332683326,-0.363202192215152,-0.590964628825718,0.748014224897273,0.992386820713803,0.407303393127783,-0.359302367243851,0.33621772422565,-0.429088317354609,0.107728844297067,0.76979555342592,0.381580291996079,1.03620139598832,0.0170909300341809,0.87956207455803,0.162477344237864,0.459398622123598,0.155099007826128
-0.495130040061175,0.23012717353462,0.175254961784752,-0.315203558315628,1.25572426344828,0.595129365172759,0.471702931435796,-1.12993887963635,-0.851231020694816,-1.65058633034852,0.608244417040822,-0.626905403323129,-0.207169713803777,0.549689788899904,0.329270731943093,0.950011381002277,-1.52628302855434,0.810032517970261,-0.316424430637906,-0.163063964358319,-0.0728523964296451,-1.47127440426991,-0.387714076796841,0.068709940955322,1.11765491811568,0.409314096717515,0.712628728724548,0.953110349718499,0.679682384453884,0.0534887471186271,-0.494036175199507,-0.0264951061482056,-0.714346715537546,1.24892914613767,-0.508369917477517,1.19974273792282,-1.31220772144711,-0.401580376122899,1.10104212576455,-0.0956247074960055,0.576712963576759,0.312556423781088,0.554162456084059,0.00268671580521759,0.4073539082777,1.45234626608224,-0.556171164916911,-0.352419515220283,0.35831560313305,1.13427624919981,-0.835125048716149,-0.4040535307224,0.567897067678204,0.405286143458679,0.660053116983956,0.411331457768025,1.2610822135797,0.900836917642463,0.0640976376874349,-0.397631048403358,-0.556096520343219,1.02206684610165,0.982105245993233,0.494815748723346,0.959814488549177,-1.25242644055335,-1.2417004346586,0.0469507671523186,1.77021264348408,-0.958831063119862,0.0240783022077633,0.32071490879023,-1.01825385833561,1.19904015112191,-0.864384121765185,0.624831624703505,-0.800625190829749,1.36381722553076,-0.593051243980137,1.91166536202199,0.408641362953144,1.00072738007272,1.52010212143493,-0.0843064852972144,0.0934047777280438,0.448792728047196,1.51899901406141,1.07810027529586,-0.262236346316815,0.196447785291003,0.343946768349054,0.258413812081645,0.101980157543383,1.02957777206779,-0.521898568587038,0.873523675010711,0.565468164687933,-1.6112522818902,-0.14764942943439,0.447549657720203,0.0408593844039708,-0.20765687911042,-0.453740423680994,-0.276788979753993,0.640263244510892,1.09612042030306,0.554929878300399,1.45859895752851,0.0414102010131397,0.20038950028802,0.663112551534131,-0.139866050705201,1.27162815137965,0.357077702334237,-0.398198825763088,0.122324589522655,-0.410892377716338,0.407006675223988,0.934660627361168,0.302922083725146,0.167624586816767,0.237410768375019,1.06199651934929,1.17969575323217,-0.112578894697235,0.22278840698199,0.932744309445814,0.764410436189544,-1.21098138841605,0.468606245617233,0.661091153860297,0.0797854858137297,0.498078839542491,-0.080302923628656,0.199979110446314,-0.448907376798613,0.693076021658864,-0.334199295686396,0.655691129192747,-0.932132317752885,0.471821414505391,0.123452554457128,-0.400288979720253,-0.357203469654349,-0.368534580297156,0.299983657465283,0.7783306319698,-0.826101575488921,1.02002490623743,0.96901982879315,-0.731588690715595,-0.105962400248831,-0.862558249438423,0.484378399851571,0.0678917145921422,-0.306897126091442,0.436767275430588,-0.882804874089666,0.388115950433469,-0.436073315163707,-1.17799975886241,0.244416137733793,-0.109447646249452,-0.61132028817189,-0.14775843701724,0.131366062967785,-0.584685892692032,0.310013912459643
0.463007144143027,0.403153696657268,0.808884677496319,-0.737056913230189,0.169355793366548,0.252739783731156,-0.597565707101897,1.16827332904238,-0.940081797868399,0.250820048281292,1.09642718769618,-0.195156975311974,-0.247354588339723,-0.544929741451748,0.962119499936381,-0.158400638667303,-0.610940834984018,-0.178111817243344,-0.429591503650356,0.386361100348728,0.704390138857935,0.170430078853848,-0.00548729973960344,0.561984766554209,-0.130451383929358,-0.308792849636451,-0.0184879515951704,-0.878822009425878,0.137803042783623,-0.307619727665345,-0.390966269054169,0.776126585320333,-0.868609123298781,0.440652921407032,0.197960929138226,0.0448054761942697,1.16851825728081,0.546790842282363,-0.0933265278652045,-0.0916940650064109,2.28262366346269,0.298879608693306,0.941271965019653,0.890563191868494,-0.275195194455042,0.352967024727455,1.44598737005247,0.539832108949424,0.986615281796039,0.218681466815101,0.975286242609513,-0.403045780681255,-0.536236042373381,0.55921171521479,0.334403890936488,-0.732795986101206,0.292348470729648,-0.401992673551031,-0.408453634898886,0.402856246066455,0.968736603507978,0.620437627893517,0.363594106857864,0.933998739292285,0.176822921238983,0.526293781862881,0.204015111059726,0.124262306779859,0.468587765890802,1.792280840191,1.39178526306319,0.311395468135153,-0.0153634784879802,0.672597574414583,0.532478074509278,-0.132969535577512,0.596576890684669,0.0668103604908853,1.33686899794061,-0.122855015995324,1.05298345291432,-0.296800463258271,0.619387267205768,0.179891741933477,-0.161499103507834,0.78132717131421,0.211671619053407,-0.457451172059635,0.229304604895633,-1.76686807723428,-0.0356205733105861,-0.668864917211249,-1.12319036573544,0.0891973459982833,-0.145646685179204,0.929924761240197,0.255680966262449,0.344043198153472,-0.0707032249094524,1.53643816810052,-0.211266620716792,1.51962245956183,-0.102311346014643,1.49585184376883,1.65687867523985,0.706878796739081,1.93957799614965,0.93574211090973,-0.90386288169717,-0.469306506962152,0.114436028046261,0.0275541321883323,-0.430247957237889,0.145215498444016,0.295554039422153,0.427212315630229,-0.113218282163299,0.659219625738464,0.163805140564507,0.252924948024327,0.631799717242821,0.934747956732181,0.344344212895023,0.23672153334758,0.0519705143883233,-0.166380380983522,-0.505065059480548,0.141977494749767,-0.480158577444441,-0.36393282948857,-0.0364178536612225,0.633662739733267,0.156210286554932,1.00771421432297,0.420343223554394,-0.792354815587355,-0.0182381932341045,1.01249195385917,0.169337704716731,0.450252081109618,-0.059283615512475,0.0917679741528309,0.276410992298172,1.13752819905055,-0.92732348115655,0.561656872255711,-1.10592475274413,0.210060673570341,1.79484199042482,0.862412532851579,-0.630514949857861,0.886748460635394,0.977871263050211,0.931717337744236,0.466142242665231,0.353166201802685,-0.0808339756618578,0.835320403190849,0.160009959190861,1.56995547918528,-1.11708593846784,-0.273436478082942,1.16647494537593,0.252349039892054,-0.177601580225751,0.0731927343306118,0.702227208055784,1.31683843461877
-0.0986525127912972,-0.0266525890613236,0.0283652302646529,-0.882063749307476,0.198405403845034,0.114136272264216,-0.209879041772986,-1.44570003710141,1.68823694373472,0.294799160615507,-0.131570778110079,-1.74607466832217,1.24336441445578,-0.0514474110438538,1.16333612208746,-0.383253251461108,1.20915793854464,-0.354562158350482,-0.551950989532468,0.0277488378870236,-0.0185073192328674,-0.704863806818793,1.05359331715032,0.451973805581203,-0.5722121347334,1.06224708738511,-0.47433954128705,1.05480148828487,-0.284255940557369,1.93008298062459,0.404703742334457,-0.936957668032258,0.714825342817223,1.37512591523163,0.880656910406617,-0.10809663978639,1.30213626273844,0.889285269498175,0.9414975973278,2.0005692072992,0.464706948338308,0.167585344574099,-0.447892948406541,2.61781649332948,0.928632144285291,0.290514348177103,0.0513851556233699,-0.110909324767131,1.00189694087307,1.09344383563925,1.67802635297411,2.85063121975135,-0.254933665830981,1.69800190339885,-0.197280381217252,0.370072035517577,-0.477061582603703,0.219431548824775,0.163291775371666,0.284488534509591,0.709100989429935,-0.287028749477941,1.19337002274223,-0.428719728238296,0.871794418245346,0.981323761858593,1.14179053597897,0.833020761994762,1.19009087160174,1.62414261466402,1.16921095425011,0.728579094081735,1.42140210559709,-0.460723392984365,0.416234056050287,1.03239437829901,0.7397840102732,0.0925924736010137,1.08683170347077,-0.33347030343689,0.849656946798099,-0.315116364560889,1.62488565571628,0.739348314005405,1.00695382905636,0.43910999501539,1.32589606853976,0.234897835025376,-0.158376851859053,1.00706078378529,1.53458985179872,0.195360695486794,0.755427745003174,0.887556442756477,-0.225588484778027,0.529930357739835,2.14607146615483,-0.677597189800311,0.56271411505513,1.31481694530005,1.86127647602584,0.607509155275073,-0.119881357105262,-0.777969932925162,-0.451128134947324,-1.46522482869329,-0.475380833175077,1.40418635165729,1.14887915827418,-1.07074381409966,0.506530087207602,-0.0520141086492404,-0.128922462270608,-0.400384820523033,2.10214984074148,0.0392942166551926,-0.00553601125173231,2.26947574584652,-0.0532642396841659,0.928597812049267,0.21967128032185,1.36664698314789,-0.594014514811978,-0.673262689142273,-0.85398983349178,-0.260914307649097,0.602096525596096,1.61538978439795,0.0242825974009153,0.20054503318983,2.01427559327302,0.574041082340013,-1.96946003561748,0.278001308098042,2.6350050620699,1.57202168777309,0.355983082247935,0.48335314292492,-0.451275431846244,2.55875903161655,1.86197358919159,0.160433230149578,0.890915073717016,1.07101938827584,-0.18894530541874,0.515998367787468,0.323355031544144,-0.236531781999081,0.798056235236099,-0.678754398743368,1.10334637962118,0.448045668106336,1.28636146140951,0.222030250576106,-0.820101974083689,0.0245974705959732,0.120989217917832,-0.77307898897068,0.51630708394276,0.0361017925234662,1.5250264955724,0.457551124225417,-0.187963251255892,0.529480926555115,-0.516749970300328,1.12100887811826,-0.678226658242608,0.0792302231204075
-0.28454507705981,0.0519478838194154,-1.15381846578103,0.273420016162727,-0.434288726814558,1.6110705037969,-1.64394777604684,-1.65850302484829,0.814323894010449,-0.844470346501832,-0.399915414415648,-1.30395123182864,0.677991027624649,-1.18843463904683,0.187217244344574,1.77740261855391,1.01423745337023,0.727863387944011,-2.10939167372612,0.842123723248746,-0.905366697393389,0.176438386225294,0.428564421523572,-1.99410381654856,0.316633176579834,-0.449877253745005,-0.143114712121024,0.488496155125449,-0.856562970766647,2.27708853901084,-0.0337314892724297,-1.35337457421829,0.315007199903987,0.0547040908969373,0.873654774095584,2.0581978016598,0.933722191846618,0.650872854539388,0.654821864372337,-0.0438654267644602,0.420761956989341,0.579267897112094,-1.42737181686334,1.24395387961294,-0.425427592416302,-0.417412899860921,-1.37278789495084,-0.118754675789441,0.923900573024546,0.0679807731980924,0.939511614399866,0.202788734179826,-0.0533106425486536,0.434112303519518,0.799757689061834,0.802981996579427,-0.574829769005403,0.784929043939443,1.66554075389697,0.17622965965602,-1.14938258139155,1.7603108855865,1.39607411863933,0.354835018826908,-0.258535818570465,-0.0782240379468932,0.049622687017665,-0.884026100066058,-0.86965730342893,1.42006631301263,0.284181263561646,-1.65175037566284,0.940216600624458,-1.01379919628144,0.80507595996388,-1.59981948722255,2.48380295458888,-0.169353244505631,-1.11738508417756,-1.14381389055156,0.363943797022115,-1.17445142927509,-0.500918105656049,1.02366502439814,1.29672038141462,0.625477259896425,2.17766086689515,-0.234247157368338,-0.155344794466498,-0.309088018573552,-0.0422228191360668,1.31805933454209,-0.710773108692765,-0.952205824936829,0.121407510833471,0.36199511859678,1.47349008076162,0.800496191501021,0.427837455932963,0.0922406030262146,0.99877710844944,-0.423293434573092,-2.13507655098157,1.2578797118096,0.466716732981077,-0.245930629010578,0.830017378346082,0.757441289607484,0.538705677986807,0.306483327371007,-0.425360385315242,-1.14913979907985,0.525651402248246,0.545849495453682,0.997846824098903,0.632306728181243,0.644337067327897,-0.355104506652626,-1.27234623044464,0.27044974453652,1.29340744373976,-1.05374564472199,0.839932400939808,0.00169243424389359,-0.00102283107661763,1.79441878165951,-0.67174909023653,0.81856772695117,3.80691392552576,1.73030883296719,-0.195283009468048,0.088502957830199,-2.11679668806578,0.770823037692047,-0.445434409386481,0.812913951900993,-1.03896286380255,1.46950399819722,1.71212667932361,1.07432975157511,0.823098996821696,-0.562673706722341,-0.220095582590538,-0.830616252838606,-0.635517299740583,-1.25883083662581,0.235040991509212,2.2919078929782,0.280394250319278,0.34750742671275,-2.12943639082902,-2.41023103888209,0.257282606362307,0.130067875794896,-1.14101289657211,-0.419988222092002,1.6456636336528,-0.394793932629599,1.69550153078421,-0.82290678321457,1.25052643107444,-0.265378084551237,1.85484814976159,-0.921707670493377,-2.7585885179676,1.22196113167233,1.05239634303865,2.25584395730362
0.00935372115627003,-0.550762631965251,1.04877356321905,1.2642362087765,1.51380975824045,1.91062580062796,2.21061203486701,0.80725269950331,-0.507575224001162,-0.147962269260769,-0.458559838387794,-0.139710928168356,1.37409440883906,-0.263168462715701,0.679508099410987,0.214736649260677,-0.380947740849688,1.09310028678398,-0.745002431152125,0.662542649583404,0.0345561249564909,0.0423169774682389,0.038239454622252,-0.472507322133308,-0.0425087900942198,1.67271391473801,-0.0607202193954935,0.841425858123409,1.37825332458471,0.926188951791287,1.92059744441751,-0.242408425916712,0.0554641811145336,2.86383942029509,1.00260769399953,0.32101987632624,0.438183914220469,1.19002771761665,0.755740323330514,-0.328988408898145,1.80078488755331,1.76601654589127,0.228921878154884,0.769295735328227,0.147801324658639,0.172766980193581,-0.319877808395434,-0.383894072982686,-0.52989432278298,-0.870324772807405,1.14223610565492,1.31589214215392,0.277570588446317,-0.469912612143841,0.341334566777785,0.136828187019799,-0.198802553050421,0.546512205955273,-0.258439322846394,1.25674862160028,1.48150620814552,-1.51046479051318,0.016469735935834,-1.27506048128349,-0.362348505056718,2.4200840353856,-1.87622274741711,-1.31634179350114,-0.528530548901755,-0.00363942441138931,1.07292064302411,0.382098925106524,-0.440286977193272,1.47073235517557,0.778856488233929,0.103330652307562,0.437374929070317,-0.138475222856499,-1.39359382220841,0.390433566297759,0.420919302192976,-0.274788536740627,-0.00706909298896963,-0.498764852320018,0.113063761099389,0.388767694424185,0.355317571505214,-0.722941384613085,0.0559921922441455,-0.499144918420471,0.780083466259972,-0.114108574183834,-0.173713462935613,-1.18076970922039,1.66656276989927,0.553828535600431,-0.7690679033775,-0.420549654243458,2.15643291855486,-0.726177610898838,0.491210536043174,0.591433885600087,0.753082038398857,-0.389012804030755,1.45839821485418,-0.212947000442765,1.0468942786558,0.119884407552359,0.822487823672162,1.12685796857359,0.80039944032341,-0.631582114588422,1.14951230998029,-0.579513508868658,1.05573189111963,0.594084852410759,0.468912930713923,-0.226834899976174,-0.0555890134190316,-1.8864244875098,-0.154028962253339,0.479436232875996,-0.199134891221983,0.0365954739485799,-1.20529340651055,-0.258665228441842,1.57019393106248,-0.768156075103785,-0.985864972662657,-0.0821648055387945,0.565410059879243,0.777249259751642,0.0479609565200109,-0.82684496170287,1.02985662472627,-0.552511811032433,-1.5860840203304,0.73955722134506,1.10987788697981,0.0648223120853664,0.923206016113072,0.509286170960258,-0.1105454809097,1.17805282408365,0.412749274335626,-0.319925129797813,0.0277669909842932,1.34099308711998,0.925873688959631,1.66487087328664,-0.375059931039826,1.22293314353273,0.166466069451868,0.574674907489444,0.629347146705138,0.403417268514257,-0.158636037348381,0.766566866966574,0.938923979844736,-0.545425052787516,1.03835266816636,0.0385215639182225,0.552244637630054,0.162291983982427,2.01394376703001,0.304673612175669,0.589913826986709,0.868642759512394
0.375057105182217,1.00738012714096,0.515400572740909,0.498210800429968,0.182903793621201,-0.451132135001227,0.119658471241932,-1.09884591492783,1.63350632592121,-1.03508318101177,0.278430553170674,-0.655150809812886,2.09726337913474,-0.896756719579411,0.783851670848716,-0.291005792182323,1.03272726615875,0.315094132383129,-0.224369749203873,0.910193321772588,0.0144971434780298,-0.686707790590193,-0.278581534701253,0.99870731385757,0.0570067891281928,0.788318995802947,0.744984404508259,0.515668452347482,-0.808971698896339,-0.317310093562766,0.380764084243814,1.3524771600471,1.61673919218962,0.377659066181163,1.06868936383519,0.0433689503592346,1.01645263832014,-0.311771320181286,0.278865419497842,-0.638270750947949,0.94378866637479,0.804346263532553,1.26278699356258,1.13022564613579,1.51121290566905,0.278279008978365,-0.0714690990724472,-1.10662682017377,-1.75723508997328,-0.0562813412853513,1.19856424290532,0.379958257821726,-2.32032214362472,0.830171019912762,-0.868129201328791,0.430895387364547,-0.589324568228147,0.610830124305042,1.74307360270913,-0.553274648546939,0.275669890154761,1.10987251827183,0.823431419169628,0.836856091016842,0.129744279542726,0.998525738796934,0.255224298620855,0.986992968970599,0.848321598723343,1.77037005895017,-0.843018219544977,-0.228982694927197,1.00368093990727,-1.60470257140408,1.47832599220287,-0.0595554425646861,2.0568535935301,-0.343457337050105,1.16137883217831,1.59325441198115,0.738231639709719,1.27289911793832,0.107084811711035,-0.555638750005604,-0.762566996429587,0.118909528130807,0.502992561711257,-0.846574097504214,0.901196707639907,0.59834357885038,-1.00909056309916,-2.14885643327622,-0.0803925490398188,0.142049593523424,-2.00949090475164,0.515861295241907,-0.318479685158628,-0.668237509518409,2.57721111843991,0.653047114468088,0.470691049336654,-1.22489173094446,0.795464986500222,0.800184401703315,-0.289456670222656,-0.232978179190003,-0.899242126995076,1.24913217979428,0.231156536623829,-0.481690802902052,-1.39855363892537,2.02555887170755,0.548649022253473,0.899843756472179,0.453155495580398,0.417566918754634,1.15404124831634,-0.0705183115015462,1.05480170382479,-1.22633532427322,-0.354931114154146,-0.916362672799661,-0.968619039321087,2.2936107416255,0.106651868054719,0.110851754082039,1.14381386721098,1.09457359416764,0.87649767038788,-0.337383162988744,-0.011683728640722,-0.695270406553429,-0.091474337472546,1.52023199844829,-1.08560008685613,1.19873209404758,-0.484872351783742,-0.0372621804869915,1.02424955372828,0.245334050717596,1.29302538758187,0.707278413389387,2.52140880114648,0.546674562001931,-1.12787757520919,0.415519050953654,1.93322417460775,-0.0712634304976804,0.505400585392283,0.67872590538939,0.974416712493076,0.7336948386468,-2.29759354358259,0.182386824411227,1.64230252909006,1.09579160152562,0.555613042210942,0.0206928917589054,0.238619301718551,0.235664401382281,1.70346193465862,-1.37144092339534,-0.0354654100940515,0.0937112660162054,-0.00392069332801465,-0.10721287104156,-0.0134051196173746,-1.06843423097597
1.27765570979437,-0.676836456549512,1.3741718182405,0.0980746992262565,-0.43540544946706,0.429238234817341,0.171516153480516,0.141110015449049,-0.0220057311677094,0.0975661419744736,1.01131752203796,0.178670848961336,0.125882666453925,0.267926749085886,0.716197936568711,0.0424307539973677,0.482763077010572,0.454041146372756,0.821472594280012,0.483267112404187,1.33637594263413,1.0466605252816,-0.00126311749316776,0.0288916019731443,-0.118055483927281,1.57149553306549,0.0523305556953857,0.915636107691337,1.1983088515679,0.255198112801253,-0.731769397478735,-1.01692239492324,1.85392921882772,0.947697224677817,0.630691561974271,0.793900569035366,1.17235309940632,1.10939857863705,1.11154393357956,0.689740944448393,-0.104033222190668,1.05469914585647,0.701287273893688,0.534575648177274,1.46041821146867,0.325577261874923,1.91632175083801,-0.0442713668636917,0.82998818800075,1.03652719789781,0.709838869176327,-0.114676700585784,-0.779298954226642,-0.00921187529069967,0.832130270133369,0.924910993573618,0.443438866934241,-1.22488480206018,-0.371601065201148,1.80688586092018,1.04764507924266,1.51617378985567,-0.642129255520986,1.11150485512169,0.243724819862,0.174463847837939,-0.446945826663109,0.032705985637284,-0.26709149069162,-0.492069100460648,0.623942301444509,0.86808828379838,-0.229886077023628,1.0608354294944,0.805654366933721,0.127281983406604,-0.517864277995742,0.604327941711599,0.305330718546054,-0.248509512987763,0.789024344266545,1.17916580299953,0.474682917499902,1.35562853314669,1.83256517010399,0.734536058277306,1.74118230580654,1.8803314560514,0.55814552972474,0.223889690826647,0.563628670627857,1.68685849202268,0.400142968050116,1.0832541891768,1.29726919422778,-0.251274488237698,-0.0567426596995324,0.899162998465542,0.973767248818986,0.853815728568824,0.0865561187642061,0.411003158301136,0.474667182629136,1.02997473921592,0.801573681881797,0.178059084047729,1.27160202656766,-0.472816939691271,-0.219300707240008,0.273647869337174,0.305300793371922,-0.464226114218912,0.464578712659353,0.13195336948156,0.773844385388651,0.986013069956903,0.829595080366422,0.251344447029567,1.13694754781567,1.38192247212447,0.439673906404505,0.481012776043981,0.801988356047431,0.960614975427054,0.219167713891429,0.998977792076606,0.946011216954627,0.560722581389037,0.129960241676499,0.695749757712081,1.30571522269041,-0.409699196199252,-0.205803248086421,0.744703823521227,-0.0476996929990161,0.739420675102668,-0.458548834087587,0.380919396932441,1.80978297388278,1.1519813855589,0.904165639787789,0.877631727256201,-0.0729635234977418,0.629437177350182,0.905049016620097,0.513646978025047,-0.440281472435617,0.365000533718027,0.688983427506529,0.12471372482622,-0.0894516897893106,1.42028439294506,0.251107947611699,1.66626791124535,1.17599365868229,-0.566678459555237,-0.0177111599780138,2.01052612847721,-0.90968642468424,0.889403575372173,1.01392249806776,-0.300122606630428,0.9079049192488,0.3571695768366,0.704151317450515,0.942830391851934,2.02183132741604,0.295026618989446
1.61756855670648,1.35106351417657,-0.0840901519149613,0.149051530572728,-0.172781329450104,-0.237148270398261,0.146122059615195,-0.131309383044923,0.603645814560911,-1.04430000946417,0.0582313966608156,0.567115228813666,0.99078801809263,0.137674074727204,0.148818345507635,0.0705582080484428,0.124200834499048,-0.101273754098405,0.177316445657441,0.429965653274298,-0.389006511433359,0.0460507852826763,-0.0606774075205894,-0.565903992749986,0.961153645800911,-0.148532434769852,0.297546537135921,0.293659938655763,-0.34738159082493,-0.0553006963985347,-0.534926366629271,0.652142042979086,0.250417906757881,-0.688402097855856,-0.29087484407133,-0.210720441457712,-0.657977758935624,0.740816883114079,0.047506124820688,1.36187853292959,-1.17570646256544,-0.0381708230159899,0.658519467272235,0.232390101310787,1.06884792467253,-0.188979072307303,-0.0347509695308265,-1.04031033166306,0.521576465451609,-0.23103781840719,0.957302764557127,0.880385929558947,0.625504815081144,0.460321439292326,0.00711018511346345,0.234088912517554,0.677852483216231,-0.206583526728949,0.177849247239126,0.951441031496868,-0.346018251002676,1.51606584893233,-0.450493513886075,1.47290908264012,0.760371030722864,0.10437555056106,0.552819250115727,0.407949152468658,0.463595972336442,0.317892439971097,0.0707541706180612,0.0432905512392039,0.105917526990931,0.488158337164666,-0.400684441422522,0.723609067406248,0.620269388359897,0.524610194770157,0.357865123838681,0.743988553495942,-0.0321239484889188,0.407717489230455,1.80359909353169,1.99703243453342,1.15347114152974,-0.143671673464577,-1.45005146552288,0.193135970012408,1.12360141765958,0.631919692851634,1.08332086009276,1.07272205027987,0.42819891513065,-0.120759267977416,0.209729591205954,0.175588506226321,0.483280871987345,-0.524940866025748,0.320419106266241,-0.567767971241617,0.230250402501836,0.319857730773335,-0.450363647724894,-0.00243609353429625,0.434879780084531,0.349858356970984,0.801591392491661,0.00701158431496318,-0.657825388496217,-0.234612874369438,-0.924173630249714,-0.0111585168890505,-0.50203567461659,0.288568270169749,0.51096525746535,0.125482365258266,-0.00592660839402276,1.14616479542494,-0.547575744677186,-0.403253784024446,-0.250216374585275,-0.279931295105101,1.58523825251304,-1.97315429475631,0.0794406647886991,0.53458885586142,-0.379493095233391,0.650233134682794,1.24899969080148,0.909472685775569,0.478439312738913,-0.496020866983033,-0.261172879425885,0.00101696222765996,0.929510639617393,-0.0344382562510283,0.557238953315114,0.405703606499515,-0.6516886846612,0.109963112332845,0.0328844897283306,0.0887949489663079,-0.647145265598532,0.42568718716289,0.137148587826657,0.417159115531664,0.522638176655091,0.919650347669272,-0.127221887645615,0.96425530037795,-0.00758422836668637,0.0591477762048787,0.203033270363449,0.277541454288794,0.928404589325208,-0.512473643565626,-0.478583535684641,0.421296655315823,1.69011661846018,-0.549582171844222,1.13046361750718,-0.48687537619122,0.349934355934266,1.12124972728876,0.0453703082666606,-0.105621933665354,0.489300654593051,0.612927665885125
-0.277720143415382,0.00677553494987804,0.869419117018254,0.689304936531175,1.69675886343389,0.870991727349712,0.184877862266038,0.981621672188701,0.254047148210531,-1.22203986919662,-0.632777528106346,0.704035692478068,0.117887641394656,0.84125250949673,0.60690192486974,-0.181619346567773,1.50158072960687,1.18609114849092,0.0379451282272246,0.399547332419508,1.64436398964153,0.475673678980268,2.17363955068726,0.362570761406583,1.0197531037477,-1.0858245364738,1.76634386646269,0.655354260660898,0.362698609115226,1.00006015064736,1.37726565972014,0.59670949153276,0.16894743009467,0.383891620523605,-0.0210610257885031,-0.223510596959935,1.08099636703008,0.0322350543504381,0.147157984375909,-0.340412209770207,1.62004942372278,0.739967097358131,0.791352254933283,0.351191653385849,-0.100930265913203,0.933160496551,0.290944700753397,0.399210304512154,1.4737217967023,0.71694390288721,0.192185824034964,0.214794496073329,1.10167850658198,0.279554087548091,0.940106511092644,-0.108411606913565,1.14112654961984,0.26788354972056,0.671885306115782,-0.53530622916136,1.93386138221926,0.0825658690634539,1.67186422751252,0.563359489961602,1.78561499333906,0.477754787552355,0.566531519209477,0.296311050425593,0.204321244282405,-0.806392003054608,1.89557917298968,-0.553580366755041,0.834480219849808,0.0112316529214803,0.465205602770955,1.29690374242798,1.77754249908777,0.165355876653817,0.340172196350803,1.34213626198759,0.95182701138912,0.213432601815885,0.663042080863907,2.1903785240962,1.22531472630708,0.0258460180208367,2.74194439160483,-0.26956230494742,-0.647458482326312,0.605943579920329,2.06889375033961,0.884961884487566,1.09064543781297,0.260320064330524,0.76468596795139,1.25815860491785,0.305039893989256,-0.151534633030337,-0.672713216324745,1.39227467069604,0.731408576966927,-0.663995402962092,1.08916950660141,0.451733635196263,1.09726285848689,1.20106979825572,-0.00664579747465832,-0.0117557396608322,0.459021236594457,-0.175805542505242,0.134028480639851,1.06555326030534,0.840835200150328,0.422653770398954,0.950197238369869,0.445153998436482,0.303107717518204,1.47545262489649,-0.408131745437001,0.550361606527234,0.724496331391996,-0.184433238511247,0.76024935596969,0.622302865531928,0.173415276561623,0.956478990098683,0.173848067923901,-0.240545817110677,-0.480827339460053,1.32056619871194,0.925448811981308,0.716375858693859,0.758014970805058,-0.562090758446353,1.85072238664367,0.58947696299602,0.537990860289214,0.194616374779886,1.91554657219631,0.604349021371842,0.210434148471191,0.744148681823339,-0.368676300075572,-0.242510567483206,0.225027956234697,0.618179271935506,0.965052339857467,0.516065910027602,1.13826748503885,0.150290674915256,-0.39889051665974,1.04792491874873,0.34335703058853,0.625176619185948,1.86633367481371,1.36321915113488,0.986790610695786,0.422210745219229,-0.294462867018686,0.150666883008105,0.202693292331804,0.606098773073185,-0.504841104474316,0.243839393006842,0.844301281086022,0.207103570409947,0.504899526061418,1.1950912003662
1.33838548494924,0.252429431758831,0.45949412949777,0.0517072767029815,0.613366743603435,0.0668659503935631,0.143582132326935,0.517679405664674,-0.0658539394549511,0.645727466105026,0.407512546799614,0.0609185961767727,0.0194130885680684,-0.296335347719204,1.17567182860111,-0.155601474443426,0.179636185873569,0.6764082595216,0.18969635373193,-0.117619868764932,1.23752126222242,1.60468444955459,0.829192058989448,0.19934771913976,1.30723800545396,0.221507185759036,-0.123415841311538,0.829761137748224,0.392719266203157,0.658967360508637,0.352765412866224,0.0248220683067017,-1.14617537921424,0.906584772101654,0.946251754985629,0.896753554703002,-0.151792965615209,-0.469778343957182,1.16896047291316,0.407630822387602,1.01946268935009,0.990269401275116,1.13350198021684,0.907575759129267,-0.0423217185679493,-0.544596834269318,-0.654560328060365,-0.423750658926303,0.237253350910206,0.200013663605147,-0.285922420255528,1.03833382726321,0.336334328680161,-1.31758700183358,0.15991447433347,0.425271351101677,-0.104692550197077,0.762767962772521,-0.34492764614891,1.06155734004258,0.47104915062463,-0.125277312344267,1.47691476625453,0.0941374761264164,0.0322564307829746,1.12612138134547,0.16599561201069,1.51163439098814,-0.146130138052699,-0.084509937139459,1.25128858483906,-0.489791573174135,-0.166777703919579,-0.095681759204773,0.00793756098949949,1.09899770700087,-0.0529248377948841,-0.778382703846064,0.234070419193771,-0.123690415970787,-0.165945164945655,1.59523278481411,-0.690355415103269,-0.681764796265094,1.34916454220161,0.992487082199795,1.38816998090411,-0.166874350604968,-0.307947401490236,0.548498578233592,-0.226093654645441,0.353337856403457,-0.11222767545005,-0.576224390041975,-0.135105676664271,1.43869769053374,-0.160218953941217,0.742317892089583,1.5147214655656,0.832950054822621,0.373076011950296,-0.0287280020380234,1.47637476605446,0.14542521603741,-0.151404968011377,0.723810154303598,0.111904460280504,0.350294164986242,-0.0651025417209649,0.304966925719858,0.467367829966977,0.934997389383911,0.0195970877632756,-0.529842810098994,0.412254787304399,0.577215107926144,-0.291745450756297,-0.376961617845068,0.3416687093556,1.11867694818949,0.0901438353316838,0.82759006310726,0.197939366190801,-0.254630386448936,0.299504073549042,0.480589060459754,0.259469303390821,0.0517405291522464,-0.0697504237720662,0.99737332969287,0.422113880284572,-0.124246999925986,-0.34938235666095,0.655920258523145,0.609805919195962,1.69177862812827,1.12523818600498,-0.906522936127626,-0.291663027169022,1.15314330905945,1.3276607101708,-0.0172689797611139,-0.50281561814452,-1.085520197691,0.0327762394770022,0.677620535204493,0.731616335229402,-0.375513361191106,-0.316448706611022,0.791867750559647,0.244698472856125,1.07057843903063,-0.406745655025058,-0.607829012555404,-0.0249244609196219,0.564035457076951,0.202269618403477,0.76979881753843,-0.0575256599166621,1.14218077738087,-0.175903738158755,0.262300057281138,0.627908509374228,0.0337745856983068,-0.0863780556308912,0.286884306917521,0.0390567090435356,0.2852177604244
0.519746395423991,1.30185192635005,0.0816758316170005,0.816146683204801,0.103370619982398,0.375569218872,-0.865760476680839,-0.757596727221095,-0.771644618744032,-0.185485940307763,0.803951075024764,-0.0601993488876708,0.317100269634103,0.977055699111415,-0.464987180053368,-0.0462936877953238,-0.448119465042474,-0.266418624045132,-0.127170579388792,0.405613874491598,-0.15854496885473,0.0240529655726117,-0.564556898638227,0.205710445477277,-0.0564976994053963,-0.262677881671991,0.577770379064923,0.149576585324436,0.518495523244493,0.473578442159211,-0.12130350869306,0.678007800993792,-1.07848093467049,-0.0110519230356507,1.2582137323482,0.0557674128223043,0.68470166939647,0.5706751685214,-0.959772769431308,0.479864229760654,0.0589825857963415,1.36137941897973,-0.273170157200883,-0.433833348264814,0.165194466802102,1.33714996284214,0.463673529070377,-0.381703654932573,-0.496503560673812,-0.697931651254063,-0.422939814560054,0.970843930349984,0.272486265433285,0.898782003596353,-0.464019681023694,0.690353349651172,-0.0536752845601556,0.253756637093798,1.34104601430535,0.643858589521517,1.17814783057524,0.521985733216308,-0.418443192081863,0.0425045179190899,-0.43482433421813,-1.41608786636462,0.0273307695939341,0.775679911326963,-0.210587032675823,-0.232703773604076,0.532785953104143,0.544019009313133,0.223896156931642,-0.494115762922961,-0.66032593093333,0.414068891137085,-1.15880280157953,-0.322012682604024,0.896848067025927,1.18553361265224,0.474737344311588,-0.54407965315398,0.915455092888012,0.688115319899962,1.08188037980998,-0.614611775642005,1.65400041303448,0.313761235893179,0.80575502651112,-0.270418501927331,0.914596884843379,-0.367939647564887,-0.565256478350098,-0.411454860099245,-0.430963695002307,0.174337433499211,-0.566633717371145,-1.58994696860982,-0.0140825975471363,1.61411826325986,-0.849550227364484,0.179068438966561,2.06738468700466,-1.59144981334525,0.611399520216124,0.375114084509778,0.387854170915595,0.121651492201512,0.306677764478663,0.385754888532001,1.16796366836896,-0.265713134270344,0.0359551438467206,-1.11770838089005,0.37134828826351,-1.07780762336682,1.19442858973022,1.86051064024817,-0.462526727055409,-0.268065612121462,1.47422493489558,-0.583714694629235,-0.45619904014408,-0.746648257391289,-0.152860654006721,1.43489215314431,1.11537881101298,0.757685299280201,-1.32059263120488,-0.724202272122286,0.0693748730659706,0.750388315966566,-0.405918810926422,-1.98406055587529,0.123807284483387,0.756987126683531,-0.133077816198324,-0.787947293889355,1.0292896938234,0.155321874331318,0.0601849254860537,-0.0685812761548649,0.0896254010707039,-0.393386148203878,-1.96207976175576,-1.32166851349543,-0.831949358826272,0.210960605040474,0.997455049483248,0.771193048662924,0.919451479047573,0.825508749163712,-0.516896112057819,0.304869079969631,-0.777856788509608,0.1906283958979,0.138837907948594,0.45402249955765,-1.54921196845583,0.0893280561173175,-1.08835344703282,0.281466443728385,0.780132450882224,0.500759472120575,-0.673650253746769,-0.47839515357599,-0.116700760018749,-0.243812083383854
0.296620076777647,0.647299141934598,0.390294443793117,1.18672661135532,0.152627156280913,-0.255440794898456,0.262112175828647,-0.418226909568801,0.483962700416914,-0.819151462378267,-0.84032952509705,1.00596620381616,-0.0527974537778494,-0.149879161439122,-0.243260771262659,0.742823897308702,0.517287988282944,0.293071527836189,-0.654923488187574,1.10597559688214,-0.761848289909635,0.347739524048995,0.898960976148002,0.561360124929213,-1.22791261911552,0.729130357952344,0.623288567814878,0.454465381547842,0.753029003477335,1.0505857856745,0.284091852337003,-0.124175415244759,1.13899253800761,-0.105981526224185,1.1812965828477,1.37891836254481,-0.24199577003898,-0.459635346769479,0.233349133322117,-0.726459785196182,1.12920764823925,-0.26925316606896,0.527739609002723,1.41645110214422,0.148669856490423,-0.725984305807115,-0.371275741725558,1.45915508208662,0.259863742336844,0.685753991048826,1.01914132039203,1.49706439386374,0.0896331880294064,0.333918235866417,-0.593901727126518,0.400632976537289,0.258603387641897,-0.285596880811473,-0.27423096471699,1.16728341980295,0.427154244840046,-0.132470547519597,0.366518760958782,1.06616274005227,0.240456630689665,0.206886258232765,0.557246006125819,0.731633394917145,0.474421585875968,0.147951689641284,0.8497611526795,0.278080459739352,0.148245264374708,-0.788401461147162,0.367287260380918,-1.43633426689992,0.30453899489385,0.449406306201088,0.0545459366022446,-0.703622153626119,0.804346460759841,-0.987574273722585,0.285213443850115,-0.890423061598461,0.185628524741466,0.343753068702983,0.269995357651395,1.35601630139945,-0.0657471882999332,-0.600497291095756,1.4985694019575,0.616170961680547,0.408911788221266,0.616933604764212,-0.0692680843388568,-0.355467419368389,1.34441738995296,1.16751018889804,-1.49906046419112,1.38550074521727,0.623946252087956,0.399245468265785,-0.0436134559809527,0.416583579538244,0.910561872375963,0.847119925891179,0.863437955249347,-0.457356195963086,0.540740613844168,0.972451654215454,-0.0356367887425234,0.187917920359528,1.1853219452146,0.406741999536821,0.0379068590210576,-1.12233349927491,0.84736024968909,1.04447096670676,0.752168548844978,0.390933939738425,-0.401727115975651,1.3868293848469,-0.1330423632586,0.846840022547195,0.0467812289820547,1.07334999863615,1.53655664474272,-0.088803377114933,0.400576165974681,0.727276725626179,0.711920585254196,-0.600041033282854,0.711740408254837,0.0607845533303286,0.921673886834201,0.549337667399824,0.0133938840040034,0.352496972796408,0.0969026772484861,0.57569280124912,0.320273108746746,0.583114739653558,-0.503981168009813,-1.19023636211865,-0.645591818469747,1.06643448410486,-0.940821126405408,0.305823826213052,0.786747088112945,-0.104054372307589,0.435402960826401,0.681331842877329,1.12058420692369,-0.609996583121528,0.191578560352312,1.15454471095139,0.517480146997926,0.822007622713792,0.506368231277567,0.376917554079806,-0.851519988694751,0.23728800420694,1.27248811359424,0.281406353854065,1.32701697692025,0.262088090574366,0.275713042679362,0.00997753306809224
1.40507703826147,0.278789644566709,-0.335180139720098,1.08831272330447,0.340726319585521,0.125017405595726,-0.380591697567328,0.476109127966198,-0.472462613208366,-0.350503285793935,1.33628842510555,2.65931162848178,0.871189409679424,2.38215279908197,0.109061847325774,1.13189431507212,0.740885537486762,-0.355333279786745,-0.547687056370514,0.0564198516151729,-0.130272395577268,1.81600071758887,-0.723291505316289,0.688255569182821,1.66321570879009,0.655217205591756,-0.554160414186324,-1.41654636748553,0.653287279818278,0.75698744844368,1.6804819792562,0.530186267217799,0.198320845298678,-0.229194208420196,-0.558442097460597,-0.432170330680077,0.60720152436578,0.429375883430607,0.195780476886438,-0.415840837415602,-0.258999231268415,1.08811341419767,-0.918853657943964,0.274750089447057,0.270731989146673,0.32122997629162,-1.33081803760602,0.0667514590697991,1.32038339041993,-0.591494818241563,0.663948309785663,0.431481326064332,0.384553677440159,-0.572196776941041,-1.06590125003238,1.06041958804523,1.79766739654543,0.150714142877572,1.52152230807061,1.39576711767365,0.0192053891356926,0.37666613829171,-0.636615809897733,-0.489533480860878,1.21614134967782,1.46381548022302,-0.265558660236435,0.329643078866043,-0.66278480939572,-0.830601309419119,-0.0455649896591884,0.233684581068902,0.228831933115175,0.790584627091754,0.632075197545201,-0.142216167342624,0.607486144465268,-0.0188111153468509,2.20129904049657,0.660851982798873,1.00996985732616,-1.01817835147897,0.589770073556877,0.310288759845044,-1.45102985576832,2.03979199454476,0.95121136558396,-0.0259392974735435,1.30569078384242,1.64794392938972,0.180823173249102,-0.634336056864913,-0.557132711208783,-0.246038226408784,-0.893290166821152,-1.03483400331922,1.38916616308094,1.38652379727183,1.92107927301073,1.99335713607252,1.60134887098602,0.926260736003063,0.303689760906845,1.05835765975129,0.591596586053513,1.0607644742685,1.68578636078114,1.18100376774661,1.37204762514069,0.0779376990436286,0.0695935267891909,-2.00686018002332,1.23614711819453,0.542122909650588,0.461175336958182,0.704677383490615,-0.490952031627473,0.286155308504981,1.73143805001435,1.0275402377417,-1.18648934230956,-0.806488944115227,2.74276032249426,0.347370733637797,1.60195955476628,0.198915103449299,0.745354857890522,-0.252049595104488,-0.582556747730241,0.0315320891133891,0.0541849385717225,0.572719418653974,0.617095586977624,-0.282225246375249,-0.0583719498829541,1.08833408308075,1.50290426881688,0.876970506994734,-0.182819236474694,1.75619279577157,1.05102970833686,0.0111348558141643,1.1156376288635,-0.106097226632277,-0.661445720597157,-0.425218160643508,-0.395984024201635,-0.214762046521659,-0.0276331365380638,-1.11568272472479,1.65964978976209,0.438959387593404,0.260889090797723,0.528283188173135,0.61652757942384,-0.0384235221692333,0.0657463297236914,0.405785715695436,1.32679783184906,1.31209137827721,0.823364817557033,-0.206921618488492,-1.44161351598149,1.12907713852984,-0.119571057692376,0.440496543034487,-0.721626050371673,1.66835299085724
1.10762368011054,0.923796977818677,-0.92915487697727,1.87497601400055,-1.2460621762594,-0.415158929351068,-1.19998988783759,0.443001262834855,0.302613701055201,1.79384707629294,0.972743377802776,0.512038200876299,-0.32210757011794,1.45061806769189,0.308953413012004,0.63699733810202,-1.18276287872368,0.732957427273351,-0.202049197055839,0.229609723675512,1.08620694881727,-0.0307720099173793,-0.458659639201739,-1.52829309976786,-1.10890558679192,1.76983821261669,-1.08846929138827,0.754070822356182,-0.309849191124373,-1.15283273520924,-0.475876919813602,-0.379891560585774,-1.08500414994017,0.911942036169611,0.574716496658057,0.768710559902711,-1.15579149703773,0.418924663608759,1.33790744607746,1.06984682854702,1.22284024473303,-0.73524801858059,0.651482960669986,-1.05044164808308,0.830827153570534,1.32091529438161,-0.757015164081695,-1.00351735412824,-0.208084682837495,-0.658916727227297,-0.253945372272886,0.442849316756592,1.56788156582332,-0.413382452862728,0.481431166637244,0.323395975346482,0.0912217362364869,0.154771136677664,-0.185714442642793,0.551770840170614,1.1508286658109,-0.794616274373257,-0.879054691792728,-1.80982451406219,-0.880501643671781,0.289099890439265,-0.0479767805094995,0.905020911479033,2.16511242303768,0.909345399678577,0.405667296570366,0.325280854393685,-0.619147287599727,0.275893538851903,-2.54501029224951,-1.55111705435276,1.0608096983076,0.637252102248618,1.72258654047902,0.0710033628022855,1.33114589553682,-0.748191030744011,0.695593975464649,1.35827609962573,-0.371133297743716,1.37420710404165,0.147364188098868,0.630027389462421,0.805677101973116,-0.167850007939459,-0.734206661866673,1.47506827648299,-0.781000119427968,-0.352451655287511,-0.00493557777325174,0.216387749886974,-1.44229986549926,-1.6518653692397,0.691214447555542,0.961390607969262,1.84213930002379,0.30766699724251,-0.975021671260939,0.0142359462337393,0.366948743324374,1.15550238856073,0.424866945638666,-1.4507950391164,0.047567921514282,-0.845831079430349,-0.724966312410551,1.24647265709776,0.584459639377342,0.944758079556301,1.70297824308065,1.11103617138845,1.34964566617451,-0.45987575908928,0.230674495423898,1.14077849672823,1.36215957230941,-0.189788486915277,-1.25048448034771,1.46282197273315,1.01520307488024,-0.623195339472206,0.792282496413421,0.850379359626126,0.987340893524641,0.313758749664449,-1.13304322011337,0.0350331667138983,0.294226686431546,-0.836559691067722,2.73885686299047,2.56618382956751,-0.541055005664592,0.570064808141103,1.47780014021081,0.212902385401309,0.910062999627043,1.4240062733224,2.01965305708469,0.102522278085243,-0.356644508586997,-0.370979706836468,-0.800006124864869,0.981351472805925,-0.852342668125527,0.0903879965963838,-1.19616107170694,0.114387497782638,-0.813180250588555,-0.259203877589109,1.1900869279917,-0.732947646338547,1.01621427969229,-2.08349940941731,1.17010887079184,0.288750276598208,0.504538424508225,-0.346265808727891,2.99937245225765,1.10058387216528,0.277081707021667,0.657618929358354,0.339872720741926,2.91334116938847
0.376597699291322,0.849543167879727,0.813332049658012,1.07082356354206,1.0815716423152,-0.824214012303857,0.758013626959167,-0.972457551342333,-0.262896184238921,-0.117723515193138,1.46990730595022,-0.153171664043991,1.98076469282094,-0.755531736948623,-1.4461110627168,-0.436451354211951,-0.0508833729649125,1.73541264760995,-1.67393453405911,0.980154375583098,-0.975927388948,-0.477906772618707,0.678288260222007,1.82148190146329,-0.09917496714881,-0.184825024762125,0.991633799668094,0.279961377119853,0.118386680103181,1.22927480826552,-1.69777327257065,0.266232445237829,0.23594163585299,0.136004087637581,2.10834821474467,1.80728522652489,0.399232120565257,1.40039508715715,-0.281747563389106,1.49991815682511,-0.155574159325687,0.632375390004174,0.529677206870039,1.32355003586852,-0.344830894937922,1.3273424996111,-1.24583569702554,0.56124198798426,0.791568443870346,0.654685593271197,1.92391615468966,0.787985051075925,1.7607955633051,1.19607732379106,1.51259320931,-1.17410312071321,-0.127744617876105,1.50604722961386,1.30569914689122,1.34370385338125,0.697210756430659,1.86445748481402,0.886935153032153,-0.27662762214787,1.67208981701407,0.360113669016214,0.147833190447447,0.430100551032915,2.07278940092885,-0.0597027878741386,0.429964069511469,-0.463282461300834,-0.243721828445642,-0.716562331638113,1.46361078434736,-1.2620456535507,0.0820764755250885,-0.704578206306119,1.05487065435467,0.318164235100955,0.247635653150338,1.17564516060076,-0.498814684882012,0.831024413851684,-0.701349553733047,0.0839253129887901,1.43791356578484,0.438628799882417,0.651628100397655,1.35625661599179,0.874384618620506,0.864126311034152,-0.109127140746678,-0.0466182469639034,-0.642504997032138,-0.144285041857989,0.968479447019321,0.750457619378573,0.737726602390068,1.84939689659434,0.742215930926357,-0.178196850768166,-0.159491543096263,1.72534663769499,0.984899203628327,-0.27730470141928,0.0925762965291461,0.994197024963416,0.98765842609699,0.361616393963709,0.144321479656983,-0.741039815176585,0.423871391433222,0.19636064318432,1.04934183981276,1.18256593517566,0.123551503830234,-0.00143887788350688,0.841572313575175,0.578932263460105,0.553664411375471,-0.171920358531328,-0.859587457950732,0.185596789038737,0.918206422841699,0.190424221786542,0.967329166145409,0.0891019313201575,0.366746204360066,0.590972043394234,0.390208397358406,2.20308546512106,1.75515706194859,0.757372377121072,0.584097623209617,0.193960311433788,-0.14658839515691,-0.690815736542639,-0.124429180962511,-0.178471932514311,0.0888161558984987,0.747132398886335,0.41246217875994,-0.458777235340343,1.83086539958339,-0.349524939247207,1.22146434656858,-0.205446242345916,1.66006265967558,0.45975948661853,1.08362429134388,0.42015596157351,0.268333273251637,-0.408738176396417,-0.586103210720136,0.712429873290343,0.380547739918134,1.35522804910658,1.17687294657057,-0.570130915857732,0.687408033744854,-0.338908853138725,0.412695343104377,0.138864258093132,0.485206775048221,-0.219031145323508,0.308098770737556,1.29469332858702
0.427858416141009,0.58759495636657,0.0610106424991041,-0.739506704555349,-0.799202425615676,-0.0368557143246807,0.158558298219638,-1.33112221797642,-0.968063321451762,-0.19727360110637,0.690229681909824,1.09555915881522,0.184470540070843,-0.026351478611758,-0.346751482287431,-0.573527038963982,1.48450528999662,0.254163361129201,-0.83041034585619,-0.158787273186873,0.958412950071908,1.08714303890786,0.849952308889551,-0.602631005048729,-0.62177993911289,-2.41805860280059,-0.752450035927127,2.06360400385039,0.682556189640841,-0.997553460985417,1.33440320912398,1.33656705339775,0.399942552174379,-0.01167991652746,0.840182585397305,-0.698899627728129,2.48602842237184,0.819466332435137,0.732753608190697,1.08700377863423,1.1541936843799,0.52466096075454,-0.964308806028694,1.13720904814185,0.192647984939947,-0.968170322814255,-1.22553261449805,-1.21037587212612,0.972947433402214,1.3524891535419,0.0402849028723714,3.62865596554704,-0.748694990567276,0.396623997526332,-1.42993291449554,0.715208027306501,1.68004845802258,1.44734917840851,0.934592140474755,-0.86188806973653,-0.0436918068938463,0.138680813440149,-0.0251966055807756,-1.83568856533429,0.529168123685245,-0.451383573458979,-1.50719961539829,1.4851545081137,-0.97651466559287,1.27383115642107,0.113040900014536,1.37827623023119,-0.373065939821276,-0.395935701103025,0.657387795712373,-0.262452227539463,-0.409773957894726,-0.349954436378578,1.71619794353646,1.99784530760508,0.406306648299375,-0.374283022148805,0.170509569063214,0.946953472835909,1.484951682107,0.522964845830959,0.651918954322292,2.04312197008743,1.19621428313456,0.45570538568577,1.26919710270508,-0.444019910931518,-0.825069918614756,-0.012689778514536,0.00136541897204046,0.993438166060527,-0.154730623473931,-0.176979339202807,0.701838416214187,1.43224912702975,0.369997966190409,0.328011461583639,-0.024387889750875,-0.242865152984883,0.38602329297973,-1.01022612633908,1.04882679467573,-0.807287064370386,1.39620168829531,-0.718339201092874,1.13496192030639,1.66448542427916,0.92339625296231,0.610782990557333,0.386386564455025,0.675412444464539,-0.799853016166964,-0.597106410836568,0.400883288595915,0.634875626406549,0.686071364220308,1.1494307984516,1.28604309012946,0.61332557521081,1.29161486253188,0.251455448322092,-0.447260449679854,0.655148580351664,-1.1692685653373,0.362054496709388,0.779370125744409,-0.0588994179546237,0.726452325152616,-0.25663521579716,0.106336451475895,1.80111906038694,-0.180258442404812,0.403884959633718,1.00915820197129,-0.0679789734989124,-1.60654326795468,-0.269367564121243,0.215517635285133,-0.913183505036447,-0.513964951739558,-0.383183441919537,-1.56669907943277,0.118063305308948,-0.956121039187666,1.15861785584345,1.23897638920325,0.350874840466355,-0.0871237052449465,-1.26769149714178,-0.565947467913771,1.1902997884385,0.674487951402326,-1.18881243148477,0.655920572773394,1.07805768443828,0.539748652897543,0.842410163208387,-1.2225525078395,-0.273923467117821,-0.0564301848773363,0.768715954206008,1.64942119569652,0.626324472047114
2.19548626066629,0.482589096633646,1.00664289092267,0.444566455668927,1.34391797814258,0.308986749056004,-0.265586804123663,0.361034292318805,1.06538538293066,0.0849558281673601,0.641631012907025,-0.210482775939892,-0.0750684194996167,0.294006486753743,0.912933858689447,0.601854223866305,-0.244474675803194,0.219864082632532,0.857241955870386,0.500181706422824,0.24570800302735,-1.5502125412389,1.2873523994329,0.753055148877567,-0.444927945251448,2.21158424063319,0.214748101297664,0.743429671789892,0.646332749278962,0.883774734852409,1.20553612507974,0.367962289563404,0.390019443961695,2.08763469992231,1.15910922297955,1.03005667800596,0.966358101596591,0.000527139514937547,0.789356916876177,-0.451416338015519,0.400123464847238,1.29761883738458,-0.207071681677949,3.06030238262653,0.524535616566478,1.40782006285162,0.513106797744455,0.49363339503293,1.34497022064925,-0.248718541032523,-0.0677031028126941,0.752207074207077,1.48773697525364,2.28699530414256,0.103380685473348,0.214540190334533,-0.643648079361668,0.381111969589843,0.906524562261121,0.0433581666445843,0.642108216948045,0.219606374514809,0.512534275402206,-0.899162103778248,1.13478688436964,1.92896712849897,0.155098776207049,-0.331164244762601,0.454900535782166,0.684916033226361,0.118166337192639,1.31475319282393,-0.992412681563599,0.473481437583043,-0.0673186352571912,0.130074428920868,1.51954597773252,-0.421518101750882,-0.0437779855497822,0.178905044509619,0.00194477435975193,0.691984762582851,1.01995219104587,0.999138687065408,0.929362981727722,1.28180771896272,1.46918006752489,1.73875199046351,1.36682965002655,0.750300491260038,1.77594291553999,0.886665254584457,1.96112182266575,1.57497006803894,-0.642852250828337,1.02670318545137,-0.20516166247148,0.77160571807859,0.500623921057294,0.54033338110789,-0.359490807100052,0.976722111529412,1.75809565090647,1.99840429844472,0.715615500227658,-0.384214814525628,-0.7403202411422,-0.0329079720328096,0.419659597574196,0.936397705337763,0.34141635187851,0.0509473600000095,0.424814315402587,1.850926232893,0.227281776945529,0.500407283415081,1.30266226652226,0.262286279014503,0.13850207641735,0.342749617546882,0.514359125810501,0.0236997697602996,0.754681953641871,1.1370303680564,0.22875844683522,0.811270099740777,1.07494649179992,1.55173022802488,0.708546400603881,0.536809557895645,1.52177102780178,1.6348458094487,1.70392519798856,1.12856262629023,-0.375520776009372,-0.346221207290771,0.296386970714202,1.45078159106383,1.45827166675697,0.555940196137315,0.256244480049331,0.223202738430549,0.243309047662159,0.225188425480456,-0.0483526423198558,0.308611316145636,0.0241676793573851,0.805813523527118,-0.725653979058827,-0.55010891935998,1.20551962593432,1.85369211515757,0.854324583455359,1.37305833771845,0.830884194337712,0.191480978068206,-0.458105403077152,0.762890497817655,-0.785553262412133,1.63566525901913,0.101678233804882,0.105481937546506,0.142521289919542,0.956907042302372,1.21965333335811,0.241538991358716,-0.553094056501456,0.635367620300184
0.45497688702336,0.440818493335389,0.789876472368013,0.759669482950156,-0.777319333742727,-0.0890369603855972,-0.211075297430315,-0.624240310350618,0.379415026699851,1.16003538218211,-1.3454556511914,0.779638273877914,0.0471519370531105,0.0840519048763757,-0.280397768181506,0.272635971936693,0.283498898798646,0.0817517801563755,-0.186233387890798,0.17752351976644,0.708337736440833,0.866793004644635,0.0578082786115965,0.881483948245411,1.08531269049961,0.467619335462345,-0.946565641646667,0.507438457819279,0.527932693575041,0.140535686145771,1.90405992054775,0.972635867558677,-0.130932861247776,1.66655816607662,0.0858869628337031,0.649331579436521,0.434594023447868,0.500677224391983,1.01752502771439,0.293518747209604,0.562294648715105,-0.110567557501333,-0.277303274783254,-0.0613536811867652,-0.367938293017162,-0.382937540954377,-0.417587219311671,1.40367444219896,-0.639640240873687,0.885597950125642,0.324714760548167,0.0576922849318251,0.661422333127591,0.106794002986158,0.737880058808744,0.280843049838938,0.311365680437231,0.165076661850605,0.633228349706514,-0.243024868007142,0.0651640312754579,0.441985660471149,0.409320430197767,0.27025878157682,0.248953554411516,0.669076713243672,0.584818475539174,-0.245284267563687,1.3524348698997,-0.488253305574578,0.574979665244673,-0.64219507399861,-0.289018685483019,0.93260449288935,1.21992314743274,-0.24452844783099,-1.70171169001116,0.726162189256609,0.887388051553614,1.04093915402233,0.186566044100983,-0.620866995491747,0.466270313756435,0.0549154422972334,-0.226071160494684,0.239918174930827,0.0158794332413911,0.268438266918215,0.00349109070310144,1.16488389855804,1.31984270609174,-0.635625809490067,0.469339356010332,1.28694314448752,0.525655853767782,0.864995400093991,0.0517592195923407,0.413022430181705,-0.116795141744581,0.884777333374906,-0.0514020272908416,0.992073185996093,-0.716881228687003,1.5559789129335,1.12004279530251,-0.522266073202704,0.420901832434574,1.09336944484263,0.880252482029781,-0.636648372933894,0.634743200469166,1.37404582061441,1.19010450565803,0.182445811659231,0.0598543769654143,0.0406769036847859,0.752598322596502,0.241411869274193,-0.249113667749586,-0.899229387794421,-0.0658940093693069,0.383859861104168,0.306422945191658,0.458329706920852,0.494354528829236,0.352447348540164,0.436546366168742,0.0565761973246374,0.277287479759704,0.44900824949997,0.677297880572919,-0.454473353500088,-0.0447286696366388,-0.06231277265155,0.0305697370581836,1.19981699322211,1.51992834382143,-0.21800263351236,-0.7164596007846,0.773018628310391,0.0489764453216772,1.11428928118582,-0.137143223109141,0.341631178792638,-0.945856569984322,-1.19662470436982,0.111681797210165,1.35140206983857,0.244042930928103,1.63548038828572,0.782224356637685,-0.667333331427963,0.456324696862289,0.109386411356589,1.08774526019925,0.247783956956611,0.01682050458724,1.85261350423762,1.43072868736897,0.474321431603503,0.684697783667614,0.295545555140427,0.385862696553868,0.566051191105312,0.539732746784151,-0.434288873136101,0.179632926618414,0.299191999241714
0.717136088567296,1.1578685768711,0.590518042375431,0.0217060965165667,2.22007313212241,0.294529643567946,0.264320769394187,1.32414781311336,1.24763373982083,-0.376322481857648,1.33319585005675,0.579318437497539,1.03790321279616,1.70176873787036,0.414560956885285,0.476268220453725,0.53750928238161,0.172721498313105,2.07826799532434,-0.449227490019159,-0.504762162653745,0.951138000993136,0.798140121869563,0.953484730439848,1.70375861052534,1.09303607617814,0.457222019048654,1.62365425260864,0.292808864958484,-0.0430635547518532,0.234738147050502,0.792295659582763,1.26062075070899,0.255070049918687,0.79196194969488,-1.46704692758237,1.09962950138948,0.172314602985369,0.21545384865427,1.05972484298815,-0.0812593089752804,0.525589924214118,0.647529792501632,0.398634302231703,-0.375308710462275,0.475327059407471,0.194009764502053,-0.706187394428016,0.581147609373097,-0.00378746412885533,0.641469040110994,1.10869493074565,1.15620057434205,1.11462347784931,0.162749911730639,1.49790882384941,-0.289742467519063,-0.703968295664602,0.833808065739047,0.453520676385936,0.720780085249446,0.692109405486985,-0.0655138130276022,0.755214026379428,2.1690748914986,0.914640880090832,-1.54118619658795,0.76104333430597,0.262133554448766,1.14184778269235,1.02338527095146,-0.488742271400913,1.91847119029826,0.480743754705515,0.741542990548394,0.42922598785816,1.88299311680406,-0.295558470710214,-1.24801944574232,0.751786861536939,0.111637193359605,1.31205083257664,0.577198743977515,1.00414352234557,-0.224568691167218,-0.392721172433432,1.64951530717353,2.44272576603134,0.0321659511317817,1.17679126006324,1.16960123357181,2.40695721034569,2.58445984066459,-0.165641610200232,0.317479515342296,1.74603487490345,0.516369231320274,2.35329781857458,-0.101980996984638,0.416066179555855,0.701560133111772,2.40137241584007,1.42236986620531,1.23180173950433,0.978230283978865,1.202802623633,0.169105919428717,0.756851060105859,1.48446362322577,0.810653716082058,1.25633947687389,0.634176366881175,-0.698822809238893,1.19047964889937,0.322531412370371,1.08168822327756,-0.367649779463659,1.04994200270297,0.57578396154208,1.10343086565749,0.972779027291024,0.489343891058529,-0.113484772150142,0.1830087525579,1.38888759935037,0.744358432829656,0.84720653772963,-1.30955605761653,0.982716236774228,0.884600607612365,1.19239731820866,-0.357320065772428,1.14470907141895,1.46956005448324,1.03930949967393,1.48358445796745,-0.353715712415995,-0.482445495012835,1.85867094974689,1.24442594208828,0.166762109619732,0.768533196785496,0.884243642957175,0.316642794945092,0.313415541322922,0.298803571967387,-0.897981839902379,0.631952883035612,0.612435393381061,0.376347052912066,-0.815211989883555,0.182781160914508,0.479696889867492,1.16567929434852,-0.369889680651588,1.86002551712626,0.776428968662922,1.36939487870599,0.805193747490062,0.641706101870525,0.783523359602548,0.476016312261898,1.2285467299192,2.29919175914457,1.02385914819786,1.32711310661072,0.976820034736987,1.47381053297095
0.378915881078433,0.768467487790294,0.561188797464259,1.43665313253167,-0.0985663082024761,0.630318886485012,1.04849762573264,-0.0518860670574862,0.619485557222196,0.233716117801118,-0.261857423875983,0.125844428322911,0.195459316735977,1.09797503888322,0.544996609571242,-0.76591680706141,0.193666094265667,0.692527792313068,-0.351968592924923,-0.0806104050569749,-0.236204645459845,0.0510859682101941,-0.869678478834161,0.564930395972997,0.921601985851132,0.38180365461423,0.682257909956095,0.563867136543506,0.0286551676831769,0.190326479911264,0.840900838081343,1.16167724121645,0.702114446784915,0.620625319169488,-0.355584339724772,0.153155449601529,-0.471450854118016,0.0379733698449872,-0.318068840943655,1.39389679358175,-0.0985988200624938,-0.589386354308125,-1.14187442075059,0.00657283005962417,-0.732484003968302,-0.288949342660186,1.13429796535573,0.879235452105064,0.38406216500576,-0.0397477011942422,0.977944797021171,0.877620594710507,-0.00295249372825299,0.193868230285704,0.242743208439406,1.29650644800607,0.0324610123631067,0.956975166338938,-1.00861097308231,0.204738539470764,0.926521911209784,0.475009495572767,1.0625266396592,0.468618346247305,-0.589380504958027,0.315120340670354,-0.012891433581647,-1.27624927742296,0.180503820445256,1.67589678621705,-0.648085760084098,-0.110426056203866,0.00881967192577576,0.124377475331376,0.373085802320464,-2.10053615802814,0.13452830355434,-0.491352436153056,-0.407414353451614,0.621464157835258,0.587544445771381,-0.287680579186608,0.0755888190353764,0.35259000331225,0.147348662871956,0.261828723102222,-0.998128889756455,1.84729170056877,-0.26703569640955,0.554192289687333,0.360407695398621,0.584437638060053,0.586165115769835,0.277114303351609,-1.18499231598021,0.498191890580849,1.32321370153674,0.227453117637697,-0.495015069935647,-0.27798157035033,0.142274246838747,0.694188695569821,-0.225735941954807,-0.649600407335573,0.537248818961831,-0.0946945021467288,0.103831955124994,0.666388449234272,0.31204500509792,-0.302509734561229,1.08396581805776,0.115696012819931,0.788034638376025,0.570563591267649,-0.883718732914295,0.967306485327083,0.703428349577059,-0.0679786948031199,0.734482918408793,0.66223928858992,0.401065353888741,-0.630149204568453,0.197237620827374,0.175678283778902,0.126225991696251,-1.00241055250674,-0.119377204427634,-0.228487699432664,-0.101893138503801,0.456300880245449,0.610486777107535,0.0980473987121213,-0.196874604974656,0.0302749451258908,0.904195748213111,0.0641419648998749,-0.540862787500988,-0.165658073003742,0.0824774391764057,0.917019936311469,-0.10169156656916,0.678501907796776,-0.20398810156055,0.869542501677646,0.888185718120711,-0.678478043743123,-0.492699388193429,-0.572289267359273,0.254354380293268,-0.147317717571242,0.39430705576268,0.25218137910624,0.271341410975532,1.09168157056269,0.545886900190609,0.815392212115391,-0.695926368447297,-0.243954139359889,0.224100282914124,0.43893100720675,0.839389676059475,0.28166674406725,1.300407661566,-0.309883816432734,-0.555946541397404,1.43274355810139,0.135853902253099,0.434504831055342
-1.29626100586355,0.515386338160434,-0.272586989489492,-1.55412853310088,0.273798603329826,0.248955862857854,0.53495409482572,-0.725796024869133,-0.825536482391541,-0.221416028308763,1.04278690169449,0.470778830751053,-0.467236166594536,-0.217252770764345,-0.176155737913639,-0.745485248124493,0.191406842842429,0.014400488875378,1.31044320782351,0.857616140501049,0.580415101927297,-0.285921913973859,0.829605973310542,0.946463766606527,1.28885566411631,0.609785826630601,-0.123110664841777,-0.277774459202945,-0.236295878672283,-0.233114167408861,-0.685610701704012,0.520331232845715,-0.0599279802590011,-0.25143412229146,0.0392811107594608,-0.119244292326448,0.131750403288233,0.849725091650924,0.186144662721718,0.135135127902437,0.635664384712785,0.774238294451266,1.01051439400048,-0.447445192323095,0.775775957743087,-0.358510025308309,-1.8758646470278,0.739839701291456,0.0538490409202813,0.333833702166594,-1.07317864368273,0.908000434984805,-1.35610022582808,-0.723728319601905,0.716539377336565,0.0672859743498931,0.198817071364283,0.137270233990222,-1.11983017082324,-0.725860258702315,-0.907491460814821,-0.489313055431171,0.594436260705023,1.05191117382105,0.124570473762941,0.119244066860898,-0.746259110386996,-0.518460860248948,1.17915460335436,-0.151023139282465,-0.833655243372279,0.619467543029368,-0.876318669001668,0.87439360814054,-1.10650520499489,-0.352164796238496,1.10330888692081,0.439096500124695,-0.169024707470021,-1.51302128023964,-0.780040489533727,0.931680369706581,-0.50438395425269,0.320916810634802,-0.358266841716883,0.457105719798577,0.814338613497137,0.39663276821028,0.324437274581911,0.0846868753521048,1.40324254964088,0.167526612402194,0.682421756361601,0.318256409116834,0.803120835931247,0.372515117005204,0.992187190111262,0.391490181664119,-0.961293924233292,-0.867650339658061,-0.654798331982753,0.836813985385185,0.278483223268405,1.51895682679863,0.0817752593298703,0.620851168438219,-0.154777047268662,0.72294205080324,-0.308770683718762,0.885546664504132,0.453133325031794,0.526158292362663,0.576459016004971,-0.181122920695413,0.476610112553568,-0.404640030285495,-0.473002813769817,-0.387432307014346,0.0200524277580327,1.50776271419296,-0.295728040387587,0.50830959341671,0.654384739523586,0.467131357688032,0.298988631298192,-1.38697220094467,1.2729373325428,-0.702856106093932,0.0920096204441946,1.07737394598621,0.530122126597108,0.672073320167692,-0.0372490108251432,-0.0413019310326195,0.317342204716327,-0.873006570126868,0.270612242120713,-0.316076092605799,0.569299802865357,-0.935405419347953,0.17728936640624,-0.0241881198185536,0.283940050060972,1.68254019972739,-0.0928192318374118,0.948997797014831,0.307450889336685,0.0232714263448792,0.484859968700206,1.58036946577733,-0.0311357708718428,1.1744663767788,0.449242440277506,0.00966986575289933,-0.900353871715076,-0.550250883244746,-0.0783936226431198,0.84669363245369,0.743650011644744,0.651121705137252,0.0569585829892929,0.726810397887038,0.826066312945731,0.378839158995601,0.852411776247158,-0.225649346771653,0.774766537002747,0.618740676368517
-0.245255763604497,0.189649059969136,-0.0552623747153125,-0.2812055929124,1.44184798995671,0.806665564410048,-0.161366762201408,0.623194050461458,0.368005103506901,-0.382467800852889,0.602360351152637,-0.190787359591059,-0.0673176815202119,0.199186896805446,0.164446876333297,1.32572066714338,-0.083779109267317,0.369197929604255,0.858579436911183,1.1193901266208,-0.13134619630026,0.553389769797711,-0.862117412329483,-0.956998588783459,1.12698163908775,0.26511142022771,1.56205004990001,-0.395873697213749,1.47422638093915,0.707501673512851,0.538759194658954,0.171720206627351,0.823753615235488,0.25099558307612,0.931063524009817,-0.124875470716495,-0.114681225739363,0.921307106571435,0.116492324798365,-0.273971858893221,0.591336129604536,-1.39439006969207,0.0497657886690281,1.07281300562749,1.58388618443879,-0.0180320569221859,0.241930040377633,1.25642661311943,0.00809090858069283,0.909624513717017,0.233045874931574,0.416220141700841,-0.306441581598379,1.29071239686569,0.468649637247917,0.443546351146501,0.100608688477075,0.128525118896913,0.492852593974404,1.83830487838077,0.836275955484652,0.785587101840932,0.816020925413971,0.959352649348274,-0.464312533176171,0.874134996466,0.225442265658919,-0.776091626529949,-0.656466722041311,0.217671343680845,-0.799388283317876,0.844488780620007,0.202869667219949,0.368602266080872,-0.558108967200943,0.550426548342879,-0.692155460654974,0.884533316298203,0.345275425175211,1.46335253988538,-0.482850877785393,0.849173171718017,1.15776727015732,0.0624427554561049,-0.527723222453793,-0.192303019608785,-0.180443975587513,-0.304601490449614,1.45648343973143,-0.128795326877207,0.477724463660705,0.164987138172344,-0.289334192063735,0.387323598703408,0.762242268291031,-0.312683645192032,-0.221424188256362,0.0608541103936936,-1.97443668057073,0.886374424719113,-0.254181134934932,-0.25657421030266,0.501894433000179,0.599211561393674,-0.347177034899417,-0.326589399769572,-0.485796463188591,-0.614648617262703,0.782971318990033,1.83163417605246,0.426221028761521,0.0371752241147548,-0.135688066756843,0.94560645453796,0.943049859802479,0.599190689901581,0.828887437891553,0.362214738193991,0.380649907186274,-0.301894355437269,0.016646895500815,0.770348503858716,-0.673301969695077,0.261407154798397,1.25199989831031,0.717608860419005,1.34218483426073,0.328650873497764,-0.370357003642366,0.33892087631823,1.92461282055428,0.581619723156372,-0.771078424097549,0.175572248684788,-0.464104647117996,-0.924684035138305,0.214773553338031,0.00950755685615223,0.836222646324385,0.389931423579253,0.968115024690628,0.140627908110515,0.343138635681767,-0.109108622038238,0.0562750997768452,-0.455118533366311,-0.151048799088913,-0.481502308897587,-0.357039797006922,1.1368160027602,0.387318457725831,0.0625171897900743,0.646599406470231,0.726089275564578,0.252829552554769,0.837847627726692,0.442358881347455,0.769130391341371,-0.665480412034831,-0.170599010945169,0.300746453185537,0.451547841953523,0.549787788910728,0.241323877097339,-1.29811068600887,-0.104934436677697,0.738753902084608,0.242540704086686
-0.0647557250741125,1.55518636821507,-0.272414066998896,-0.623763424450282,-0.19830434258726,1.14794495406937,-0.00696347003412662,-0.210162688152846,-0.135599750810686,-0.633558828446041,-0.392861731649508,0.00579611971046151,1.32781787001405,1.59408090558345,1.31163217293844,0.749343273785451,0.212707278866757,-1.06108443736323,-0.243618567670006,0.377518623537181,-0.950029620282118,-0.305053111330712,0.645069688445086,-0.362141596064569,-0.615842240271025,-0.543231327302646,1.61690034145961,0.449066006100458,0.641236255134005,0.460566181618487,0.587298337115692,0.603786789931709,0.402968193529733,2.14009325875712,-0.939332201366675,1.98814794693834,2.42118516832633,0.151678309799637,0.889177311124661,-0.299619685690303,1.7562570304042,1.05943066182987,1.87786280708388,1.44134226854032,0.672041573579233,1.3880990268274,0.749755460015682,1.17636197927004,0.904415077076385,-0.561553494736394,0.812268117110414,0.00763687677805608,0.0125149651754861,1.01898189152039,-0.914529624674884,0.288207964771603,0.224024941746041,-0.567531477224085,2.22999621346561,0.538718755281854,1.03070154272997,1.19276650610301,-0.0281228832656911,1.8290376123394,-0.383771159117488,0.779871177877288,-0.102198784906767,0.482834602695561,0.147348390225536,0.843907740545853,0.78427995673931,0.989084971063799,-9.49742366671558e-05,0.608713200621893,-0.0742003828459264,1.44150908328916,1.41826493361383,1.51069521304481,-0.149800248205378,0.412995732145635,-0.371327825167284,0.669027670508005,0.327514707315386,0.354072614644522,0.195361773703787,1.7641685336353,1.43131319476654,0.790900820168691,-0.573346158874491,-1.21498222127171,0.804761599032115,2.29024249128489,0.34023513193568,0.551131000452316,-0.324543379449466,-0.984580137294145,0.312651971793808,0.693937331992001,-0.416497396847678,-0.278424530127227,-0.107271796663326,0.28269488292944,0.567507323032663,0.338959152327708,-0.411125144874739,-0.0957492963005531,0.419939166519431,-0.153427314445111,1.78232341259831,0.643990707268121,-0.133686719031605,0.444391469967584,1.55823574325892,-0.0059053307491771,0.642138816366289,0.483993667677143,0.384436229446298,-0.205994857198597,-0.601755703258628,0.701862914676458,0.133882975516902,0.211274865662627,-0.11778276110669,-1.07560879024365,0.605913316405856,2.35234754777895,0.77206402407585,1.31360737224224,-1.02562822083099,0.992471515182383,0.94014610618794,0.317363071308514,-2.04967519768651,1.39394813966903,-0.952531923302101,-0.215898391118679,1.15248395079775,-1.51860961250896,1.11221725666005,0.152558692467209,0.31456391453366,2.06426222629607,0.643358423224208,0.0274273101670165,0.737171874022588,0.0908124234324876,0.543153004098423,0.606179124641537,1.24634605863079,-0.210159131612221,1.10294164421581,0.908848010473719,0.831152611531563,0.582649433724839,-0.884151299347314,1.07977479085231,0.850106038434172,1.08006986589144,0.462687603173171,0.096713285521595,-0.724063841725877,-1.94317384973792,0.516648782028776,0.589597152431565,0.250355247716622,0.38973121293348,0.134882188484765,-0.253812249520822
-1.02432132759831,0.177120842638723,-0.00200283783439562,1.84775295516821,1.27345268843614,-0.38174944885055,0.263581031546782,0.475037651618836,0.996935205614424,-2.33847457348502,0.0423107086596362,0.531467282696683,0.991772945184174,-0.0592880601829309,0.0499883929310914,1.45312015440286,0.0656119176786483,0.37046838735529,0.439260646223174,-0.348037375302495,0.618166436402452,-1.01121722249634,0.0716093059112186,-0.219120927221747,1.40638951677216,-0.856198084569341,1.55829842383986,1.81653031407899,-1.05598535629125,1.82431906529084,0.614530300824007,-1.46989622106248,0.805089218496645,1.49993894396263,0.706329750851934,0.465222621505399,-0.242157167820917,0.146664060415143,-0.277463693005017,0.0829730086689214,0.840994034691332,-1.64903681316723,0.00613107795193396,-0.624429089935075,-0.0622161907351834,1.6282991029973,-0.664437582671191,2.53742679867348,2.00411254522827,-0.697097873793679,0.714708619284713,0.12956844212547,1.93187931422998,0.078451521562971,0.169660104470999,0.644306672892361,0.311955339667292,-0.391431325311415,-0.625942267751537,0.773278186892913,0.0309320340972611,0.874770292438657,-0.507049395730776,0.223544730636159,-1.08799246313043,0.00386636787483952,0.786704066489897,-0.729342572081105,-0.314649509194265,-0.827276410278071,0.0330341063696872,-1.55002415832735,0.93014237278488,0.765462120988086,1.03470338205784,0.040861592545859,0.468673869783672,-1.54675084974198,-0.297997036901091,2.65539602316865,-0.844615161743135,-1.02800627619095,-0.544966519033353,-1.47949646581942,0.193836805135466,0.306209536088678,1.02527163642217,0.622583834699416,1.17013864571525,0.275517853547321,-0.609465750452218,-0.985746473305503,-0.874263767284477,0.641890352289009,-0.530628121779206,0.337885820932005,0.898573911729158,-1.02377531771311,-0.465637157516399,0.269072060441946,2.06631565280472,0.251944626736385,0.33524269361406,0.977765434544134,-1.71620423261317,-0.659046019261764,0.586832425581815,-0.092897409943917,-0.865621424859736,-1.12472045819027,1.60046817506625,0.469598669139762,-0.124812772035916,3.39526814374852,-1.6668933581646,0.36877368777592,0.242415463104387,-1.65491674030247,0.620324439165911,0.291823644236556,0.0406586669440499,0.652787211323654,0.259909670061325,-0.303813883155195,-2.21433683825875,0.631587670275762,0.538779774806746,0.847441349999372,-0.036111973134557,-1.43839592750028,0.105908929787212,-0.0674933170989822,-0.323115929557889,-2.31282770714881,1.54042969378931,1.21574834047799,0.594793605555463,-0.649432135713736,-0.352977141416063,2.49492785548495,-1.60471264338287,0.520759281724541,1.05404879610282,-0.103071781978758,2.63114674097127,1.9672104249581,-0.14602098777736,1.3031440858595,0.260787314013591,-0.576438040209065,-0.620657041511181,0.680875918519761,0.358110160375172,1.30045940128979,-0.111773202452869,0.946539968725479,-0.234226092902825,0.0960537675126545,0.109297687482768,-0.361690339987963,-0.56097827534442,-1.71939359000213,1.52885591257226,1.26238430347675,-0.440071440091792,-0.00639689751034817,-0.429431197659644,0.497188635666326
0.323863125039663,0.934319655165068,-0.701811755486094,0.500384389537049,0.0599051656367508,0.0420594262725051,-0.10050655103864,-0.10531819253957,0.719454869536214,0.308925088320694,-0.377576859099166,-1.13604531595345,-0.259492397131074,0.695529674977373,1.07635042738627,1.05413428165243,1.44786356336115,2.40657622821309,-1.79731825038618,1.02544156184897,-0.0141599048381593,-0.267823546745004,0.994226674732368,0.513791801446452,0.540760038159914,-1.22818904704224,-0.815564422580243,1.57307195365564,1.69367746951434,0.145515100629547,0.693919715222227,0.519107677412069,-0.486319850805187,-0.930474822711079,0.235253331599946,0.446465588840328,0.176067799459745,0.748381121228219,-0.379645975116861,0.166822988120081,1.58135678792627,-0.284250528498721,-0.816854532317562,1.41583084951024,-0.882412135015488,0.12684777103993,0.393121722943577,-0.40846475409411,0.410173443110862,-0.392731547770974,-0.686631036293284,1.0562611833644,0.0879762268607819,2.3615977238645,0.263694782297772,0.267804095056125,-0.722283449748732,-0.665070808427132,-0.16202331049273,1.72787083282347,0.436942233436101,2.44465321273973,0.868793416834913,0.587407507319418,0.493887508974548,0.710352131457558,0.495760899922347,0.514167897284117,-1.17978018570107,0.422405623829984,0.0954563504128128,0.157334202267887,-0.517426788159747,-0.285406670982085,0.148479801657027,0.512206740103412,-1.6331121361007,0.550363119284862,0.392565301750512,0.0493560114015437,0.772125230910376,-0.929524207212796,0.384208414039697,-0.485311131110239,1.7819406277091,0.83624712986363,1.51976602856153,1.03370405654032,0.298718546625372,-0.866150879904782,0.508940867656078,0.761512029302781,-0.995881464683906,0.991095116591797,-0.168833340992562,0.689788368881607,0.964962092302792,-0.169817093028392,0.111765609127158,-0.337687434827069,-0.484089356970244,-0.52511331174559,-0.285627692041793,-0.421262066871176,0.169388295047098,-0.535998192950844,0.000448606912119009,0.625799078279822,-1.06772228744127,-0.792349673230775,-0.125815865907456,1.26321519088914,0.609718316999558,1.1217002640816,0.740061199861015,1.05967284554265,-1.09095251236347,0.265490100192558,1.47751875059796,0.611960943066352,1.45615698442345,0.663322721274793,-0.579185508669644,0.143810406788617,2.07877920666601,-0.873604597458408,0.529663842246322,-0.561335423262684,0.467659385625565,0.0182854640315073,-0.444127882320534,-0.736146532125923,0.663838672020598,-0.313888182278078,0.248500361128624,-1.37074348740381,1.6411091869287,0.617939540014816,-0.432696220608718,-0.546004029633424,1.79870858124852,-0.897561519130202,-0.391650333021533,0.218470424986359,0.0497057423568898,-0.935330018529603,0.464624593000452,-0.0745864921600494,-0.164893581691117,0.892617938508841,0.852885624822836,0.664224327628664,1.03979782710376,0.374318106736008,-0.00182049255781569,1.11151412737029,0.300247724199654,-0.690133029303658,0.115576166073255,-0.00956040342502734,-0.667463928072112,0.454137424048561,1.04295637648542,0.0751458756156498,-1.0121501103054,0.134534929375001,1.17716948749236,0.81945206235485
0.111200099112096,0.394182256235356,-0.411426647571496,-0.32819189708408,0.67886224155481,-0.435423157658992,0.0891005668534571,0.573381651480295,-0.142890980871263,1.35105769682258,-1.44915155726599,0.703460202123644,0.652551044617134,0.791844369859936,0.52782250216546,0.16762927540568,-1.1109608787803,0.692947011546425,-1.61006355901541,0.280932449348784,-1.620370195673,0.450304982918722,-0.134501701598325,1.4437400082187,0.844517428482591,3.06253100640654,0.592736252617472,-2.23820443492019,0.645628173551229,0.0890700643235055,1.34001797751466,-1.23627076647742,-1.10893719315175,1.12152666025702,-0.00850530088790491,-0.140867698177309,-0.503776146689497,-0.989292175801408,0.315200362595743,1.06531421142488,0.276537900727282,0.974823700275085,0.205013914961659,1.38668998645724,0.68474328889878,0.158992736489745,-0.199333588275679,0.341662754786276,1.2679644063664,0.758015681586273,-0.608475048909818,-0.177388817618997,1.38963158437764,0.711812318025868,-0.287815271411566,-0.394472965607419,-0.348684341257626,0.788296069603763,1.43610063175728,-0.822763563828333,-1.27266987419972,-0.223185134648453,0.387992957336107,-0.00172041411155183,-0.714149406927707,0.2596239170238,1.27563117401251,0.288911990508208,-0.80321653417842,-1.15851642620833,0.343542818198196,0.645463125619695,1.55580592876707,0.59745190976606,-1.36361616876287,0.812627067074367,0.221599425534909,1.89649425440816,0.114871803241171,1.63304971054977,-1.37512936152306,0.17510990706189,1.35786657435018,-0.225433955166586,-0.572964253246971,1.28453770855689,3.28180959150471,-1.02454268497673,-2.01413265572022,1.25734110770062,1.66492194755892,0.0262976409464627,0.28135639786479,-0.923207052483256,1.33354540082279,-0.09475717707265,0.0755346260912038,0.180706963154784,0.226228284444792,1.54298095018852,0.30183617062088,1.3824736994118,-1.42886006813208,0.854391062980466,-1.88920829352887,0.343362709066714,-0.673466515679037,0.567381422818216,1.44419930967587,0.612483756248421,1.52434024067224,0.616252185257141,1.15253899888731,0.309063375780741,0.213470036463945,-1.99423353112992,0.864628371649999,0.390745248546467,0.241948511398303,0.00467496170574067,-1.01037265834819,0.782023846218985,1.52167940119945,1.12370787902779,-0.500865021103592,-0.960015318913442,1.96178673585374,0.833588351250051,-1.61128868340516,0.416316994156727,-1.04010765849183,-0.8093445677873,0.0856266272829288,0.459450963563853,-0.635434507830089,0.710111215577807,0.911932240714035,-0.203380514420367,0.312686625256883,-0.278734272947316,1.23292090192011,0.656129156215111,-0.111869949705511,-2.18085772664595,-0.0946322379056441,2.06178188886554,0.0456698154964293,-0.634052932480611,-1.51798272486832,0.209493233676549,1.14674916585749,0.157191346174813,0.0965261890324036,-0.842178083903982,1.25297024525495,-0.0264280438379163,0.747904911345833,1.9937508588184,1.13382948354653,-0.438599947404016,-1.46125602760902,-0.0164853481720695,-0.389794524543031,0.120575358851283,-0.440958638057842,0.117352969671852,0.211696368601174,0.785595633570232
-0.0607423272415678,0.416835474797368,1.54355596715188,1.6932871953216,0.0890100727975703,1.2955010337454,-0.618130840143281,0.122862611868035,-0.292621442946821,0.149595363226078,1.32247713158228,0.629377563519406,0.0394991501666125,1.17518766437567,1.76455038675545,0.213181059809726,0.20049602805019,0.0249071770671935,1.33728376268711,-0.239013877154731,-0.014706970468303,1.00954465484105,1.34460063342557,0.649121094716138,1.49000050459256,1.14835305469248,-0.671995987900293,0.710961296636131,-0.0656449849019595,0.692613931591059,0.265007286551194,0.332439135092892,0.829260508704942,1.95858352899239,0.792527983983311,0.403518006065472,1.40631537152383,0.472158401045449,-0.667507650763868,1.34791785127871,0.603140989544374,1.12808580943995,0.491497716680709,-0.274696448654223,0.986073708618077,0.910275356693703,-0.193916321312279,0.624336771103689,-0.375017047362539,1.14504955540092,-0.251205076145135,0.728621764917438,-0.223620821750965,0.76868170759292,-0.378651567059421,0.922173224117832,0.430243666143994,1.76665661913042,0.339310800444709,1.09120067675721,-0.574998075179617,-0.100371339602522,0.554493775756622,1.35402769071376,-0.22377028251026,0.170805480951476,0.30096782425786,0.371077232357835,-0.765440917240934,1.17074935011057,-0.0553319197176784,0.45297424974142,-0.111170230457781,-0.924036788499517,0.107232122612558,1.68525167506317,0.409194772012356,0.701172928655317,0.24433677621192,1.53908367242799,2.17363557682323,-0.430845839971805,0.191517490605435,-0.166013444840207,1.02877751844353,0.455924885181718,0.417874395061926,-0.133090217725062,0.521448772103776,0.303172950825071,0.59783740409931,1.17124004634408,0.964343897586752,-1.14145833028449,1.03748246660089,-0.462533875427671,1.57529634962294,2.30263708474918,0.578275600856845,1.0926777002355,0.840683673682076,-0.00226555101460746,0.874881007342655,1.71849591372208,0.107471471665588,0.0568815496616205,0.712072449777597,0.581753236355892,0.931213624498301,-0.82695732031021,0.174079936933899,1.966951450477,0.790622347595707,-0.300364955244733,1.17275726535126,-0.317859961386382,0.196517800927062,2.67496200009385,1.17872893884076,0.00559210669397359,0.501373338345423,-0.184955338899144,0.0248362261488837,-0.38107716229316,0.739634317988484,0.730920243331699,0.0694685646125812,1.06670223684358,0.829347640133004,0.59257880031154,0.127851560387279,-0.227931203460203,2.52349602157876,1.76047891939571,-0.514474534264442,1.0204448636352,0.497034548090957,0.958593797760251,1.42687998706999,0.019195852940969,0.939966256672574,0.756962226696661,0.915551090573888,0.0394685274773091,0.666187266155231,1.18347852065175,0.0910185271472828,1.18122689063447,0.103194017642819,1.13296644789454,0.377454038924507,1.04168047300277,0.594118323640217,1.44388210228827,-0.0685902725198936,-0.494351035896864,1.71814287929499,1.04837092033172,0.116257480815077,2.16238898958819,1.37543827107772,-0.320440641759397,0.161483844074965,1.41335857836915,1.37420677203879,0.999651211810226,-0.32288099079431,-0.721050275716621
1.00349114917142,-0.0188660906740405,-1.23027078443705,0.603923407938165,0.225246884354236,1.04759901271587,-1.02835898262943,-0.255179195892914,0.961604326999135,-0.382458867508211,0.803632883069383,0.241873197614637,0.532647694167937,0.254966062590832,0.759466518744202,1.19050160247258,0.527484241545139,0.939709324040838,0.262547393680225,0.302303801798205,1.37261152647292,-1.17593629299793,1.77646126918389,0.279115560662176,-0.34905408090862,0.500569344041402,1.51751980005861,0.500136877956643,0.74705798842574,-0.527944685115207,-0.824527476392481,0.136168081352711,0.6976499357708,0.899729929790208,0.105773651570304,-0.198197924408947,0.339634108001715,0.508644490582434,-0.127918817683242,0.860939310770289,0.395360854948896,0.38491060470925,-0.473154132197215,-0.486880552016284,-0.387581070602763,-0.771912582215884,-0.477095393316676,-0.418474169196621,0.479291214505515,-0.0580124110589663,-0.662091942397802,-0.161936725673872,-0.385845185829366,0.994494758091043,0.128613950030894,0.258376537025584,0.307692630777525,-0.285436268845196,-0.363731261835312,0.349221538495435,0.069494771615455,-0.844439180486551,0.720918529037409,0.947026952260077,-0.436329753683152,1.47939511043919,0.346376365469491,-0.0309569844165452,-0.394189993556259,0.966642508655185,-0.0847273766117645,-0.00826349063241544,1.09929206718928,1.56872184808085,0.574461413897616,-0.914648179058004,-0.338105030954415,0.453412394575188,0.384882875266367,0.718828060497821,0.604402449147377,0.984773356879966,0.643790511324491,0.465245564768365,0.811605828842515,-0.0666138897872369,-0.327122467545706,-0.334949051872307,0.397175818597848,-0.0805172876825936,0.189601961134141,0.150902433660293,0.889743767654162,-0.324430870528383,-0.543241207411164,-0.216426886605436,-0.0398793430503274,1.3249254587381,0.303775501517989,0.147062041782225,0.412366318875925,-0.733019117299155,0.283532062569382,-0.0965307494747696,-0.490825262797775,0.270879687096367,-0.609718547581987,0.106309553763001,-0.28972429209857,0.988775845965905,0.80518712192416,0.526597476617644,1.23095408134019,0.228721755173513,0.690047839328158,1.09107553741171,0.100085237893557,0.0931495081726631,0.819063300208479,-0.683331662552469,1.0069717290739,0.917751656453812,0.036586980345207,0.0752478189574871,2.2721494535083,1.53675927077246,1.16512080429927,0.110769525751572,0.527614348193539,-0.959315411186543,0.411356660222558,-0.0633114333924841,0.154450970340078,-0.624120706575864,-0.515702935763285,0.288860471101064,0.0470544967426476,-0.531151060609314,-0.582643064341983,1.71474312415701,1.25674467122917,-0.0339809424504229,-0.248445510536972,1.25818960135505,0.755641387629018,-0.0963185614396446,0.462709341453323,0.89408304578723,-0.0890462522579049,1.35484480535544,-0.388683486826703,1.01655423372439,0.941377928240945,1.09328755710775,-0.224577110849145,0.0854663382811792,1.50576459206377,-0.369483009055638,-0.155528397250939,-1.10612603679613,0.996769786231382,0.302075320956285,0.603351125918757,-0.181024520104843,0.0788867347852121,-0.806320117726264,0.959654837249159,1.04584577291167
1.00312421481845,-0.033895349657392,1.20001028175007,0.455797264884581,0.185031028506287,0.450035018185592,1.92258309433013,1.64282270715782,1.04748762223409,-0.660713984577592,2.05413209837513,0.858280932519275,0.856557637441548,0.768657355199648,-0.314675085520857,0.0173942494479293,2.48671883524104,0.23971396889098,1.05651529132521,1.75086380067082,1.48983586144215,-0.020119096348075,0.278794614678886,-0.381476570749228,1.22465879559076,-0.132391507065456,1.41868722215216,0.846161410802224,0.239296836701261,-0.165561780323681,1.16301407212605,1.11300902122116,0.749150317989498,0.402389436261747,0.539390078326122,1.8661994849514,0.790655669596619,1.28562259148401,0.926285578670367,0.395083822384871,2.23724702599303,0.990022059801079,0.52007229989685,0.0872787585822474,1.60018872568321,0.369590183638609,0.103753870979452,-0.125182481882365,-0.00130100243771591,-0.0257316116255568,1.36934212332963,0.225855111366549,1.12357306886405,0.370000586815183,1.34045943761808,1.09794883066941,-0.207150806072175,0.301572238656509,0.774024256648389,1.21109896305516,1.27868780941047,0.194026618883659,-0.239098230177365,0.791444666414671,1.51961404929551,0.451273940636493,0.634552273647619,0.510565713176783,0.766234439244539,1.97872109898681,1.37265751704324,0.488795033294867,0.674080134551555,-0.237938572033546,0.755291069431738,0.815588557244407,-1.10291983225975,-0.211189732417797,0.729249007229309,0.233980719708928,0.212880732075541,0.0648775029166141,0.69203629646074,0.665483091755757,0.125218687063295,0.0516179978350105,0.396089755162655,0.53750467217413,1.49774861401997,1.21039984407362,1.60901745745233,0.719823178435093,0.42649424987867,0.721906320369378,0.320916652863797,0.842759105985493,1.05577831406257,0.560916533999782,0.225685707743541,0.388127336300385,0.911852006080837,-0.77361057185629,1.00343181294193,0.581927114142289,1.6557708956532,1.18323643796951,0.00710447898131306,0.16350016261673,1.14168720065422,0.0564297679094111,0.81845892121315,-0.12427156347547,-0.391095827297583,1.29822596850652,-0.710989879874947,-0.392204993791937,0.263505379618033,0.913824923274992,-0.180364235207272,0.733004865754496,-0.077205807561236,-0.322026144242942,-0.566037830935418,-1.51295196656933,-0.249244625199849,1.3419425721912,-0.428455197050902,-1.42369798078323,0.479222627898084,2.08931221099756,0.164302072212687,-0.843214501892016,0.666151163650961,0.531266650702547,2.20236757772455,0.361635467006604,0.636860842012722,0.678472327677684,0.983035118526639,1.21688267176836,0.360104929866554,-0.158177484566706,-0.136188006339774,0.412961921021809,-0.124530188689016,0.0450623931017807,0.823129787245603,0.529719091731434,2.31044141268093,1.01646376579233,0.267056461451745,0.503215881928937,1.34353234956374,0.505163210773762,1.01192401271016,2.04379836644036,0.883754728109541,1.18212236343149,0.923132846190127,1.57317093177584,-0.6721915247039,0.29315421687236,0.267666653069244,-0.00857696521155304,2.55936286060033,0.632115063781523,1.81451028207312,0.817774215563205
1.09789913086785,-0.679288743555299,0.369598348329845,0.0146037215142803,0.594748006525818,-0.337526380373455,-0.418015707819171,0.478133996167642,-0.0702491879512521,0.0751421847763138,-1.49244247499199,-0.187081010980099,0.191159049825619,-0.417827839135296,-0.601743540456395,1.09543672693595,1.49153150133446,-0.298291895234754,-0.271688124752302,1.74544756287629,0.57378185739556,1.24959989959872,-0.845329647109923,0.520150372246059,0.536438495547752,0.141120330470197,0.260799702445141,0.0100634872483307,0.278003376080484,1.34123368464728,0.0198487453577533,0.693381387249529,-0.16095263339853,0.102091612765209,0.253686218729078,-0.408399933821622,1.33546724280567,1.00229132448933,0.466602636504604,0.303791829725854,0.504387757273,1.12604592304121,0.152118844624414,-0.322213959514363,0.254615301004971,-0.466178609998318,1.27231813559232,0.480919973241923,1.70582329105616,-0.455869025372096,-1.02903967658801,-0.297194189671746,-0.670725261341152,0.316007648586745,0.780795158021337,0.286379567835277,0.315527686255174,0.396251193220454,1.14081879234228,0.480731652194378,0.401580603350231,0.626680562894525,0.940561213810385,0.406083585318285,0.117118490019625,-0.227134539246304,-0.125070959746648,-0.274519017742924,0.663165816867093,-0.162512084026744,-0.480129964705684,0.259719332588895,-0.212187647194366,-0.949635680549376,0.886963476994229,0.261708437603294,0.189095119932263,0.318056189974934,-0.17181834330042,0.283649129630284,0.399082859301472,0.642467238575229,0.715019907266922,0.991738794908317,0.882813530890339,0.510608895136046,0.622489926790983,-0.138401979413251,0.538715116432626,1.07821257708583,-0.388309115115901,0.660546963549593,0.622319203211034,-0.110639366200088,0.311313235357455,0.219005637347376,0.962650555267604,0.582108115015122,0.763399906048678,0.405685987525793,-0.767248792088,-0.386644680893964,-0.421595957090896,-0.125143963943519,-0.1697498072692,0.0760075977197585,0.629465408808338,0.801229126299178,-0.168020769914544,0.663015429375753,0.337355353563826,0.505336518179825,0.216016706188557,0.477205130882032,0.631826209599793,1.48976515694482,0.89526925484539,0.38660004498662,0.233936961313636,1.0948464786517,-0.0907771454414062,-0.34641290642599,0.20087050579052,0.0791821629247805,1.03199856949663,0.34592151709955,0.551048932791755,0.970978564368836,-0.549174514993125,0.626590831272798,-0.0930934387607979,0.000886833725257746,1.25196025945799,-0.144464941275315,-0.282215626028913,0.655232374905784,0.693418050963456,0.155901739325357,0.741117770494143,0.676626429999501,0.907912753030616,0.812487466525785,-0.461444031921687,0.874144478494398,-0.0605044021204602,0.163787201171034,0.187632365763524,1.35552906211145,1.18276411277953,-0.365459504406161,0.170271965330083,0.144462038831364,-0.815304565379092,0.0422685893736598,0.850388208566272,-0.29787596788093,0.162702580463285,-0.489827266015567,1.18426047418627,-0.775982926464631,0.180379174303261,0.234212675502268,0.577735485455051,-0.587073247058154,0.0364739845132987,-0.772357619841148,-0.374130247572112,-0.236728643998555
1.41043192399375,-0.066282812065779,1.56792828536936,0.798720374898348,-0.774105268287548,-0.750996801792609,-0.871319148560246,0.285247097536494,1.26472046818183,-0.367648252871218,1.40956486556706,-1.58546416977623,-0.33822422421954,0.174421096603015,1.65251525521661,-1.01777422517817,-0.526398850987538,-0.0744285479606366,-0.322396117076791,-0.800187660876398,0.225573924895987,0.688566540584653,-0.927285081849385,-0.69648573613459,-0.700330233567411,-1.75703198265066,-0.0995421836712851,-0.292227064654761,0.997381578223934,-0.152561209862132,-0.795164135797303,-0.51177845960435,-0.0840537986688936,0.617827570863421,0.0211927180966071,0.760122118190374,-0.770372403441159,0.291571883030059,-0.39964861531738,-1.49511658206687,-0.330376987617155,-0.533353326156845,0.360227909677131,-0.195344184298162,0.162834919134665,-0.329118805603075,1.31986144392437,0.399105138159039,-0.0199361955989598,0.0600994747660337,-0.874200228718796,0.819216280837511,-1.10877611916144,-0.0265314723390963,0.626278134042388,-0.198281961478428,-0.506581681994565,-0.406240396139756,0.387078204754158,0.621316128635793,0.334876285359621,0.478172867935918,-0.384881201791639,-0.881922429757886,-0.383121082075333,-0.32574626470987,1.89499951952151,-0.0541036205162883,-0.21179678269924,0.315469110604391,0.534673886605948,-0.217232931468446,0.328883696517244,0.0231290728313981,2.61377590250834,0.2323134156436,1.0853907440567,0.869289164044966,1.00299906059153,-0.564751788525256,-0.352496159110786,0.550206698094105,0.231101173875802,1.42542368451599,0.409185810507774,0.970118075359126,-0.28071159282698,0.637952213548877,0.446607278519846,0.240001776167594,0.215373825399013,-0.532804808372153,-0.484932755591247,0.706480034010594,-1.43117516373246,1.2680523452147,0.225083624166845,-0.205767284164211,0.683640781441251,-0.983751738342101,-0.870349174833264,-0.482878998828908,1.15801356274768,0.821558299526307,-0.394183422087207,1.47520065058435,0.170383080150096,0.0493874017204364,0.304226579621536,1.85727603469675,-0.397265922465088,-1.69110980422499,0.774126548398826,-0.893661040703087,0.172619810053557,0.105571595477681,-0.437034758192149,0.250983646875549,-0.527074899349348,1.45768534094566,0.291828472601953,0.693206295220724,1.02768722947931,2.021510291852,0.234411750793765,-0.0662840911413497,0.208936053055226,0.37605269168252,-0.601585813406765,0.655154707055142,0.241456304891582,0.118063468068713,-0.821232240749124,-0.495694577000793,0.192992045027532,0.0525856041288145,1.28397749532998,0.702427548670583,-0.828081822292733,0.776738059690815,1.38103100735938,0.278999844937965,1.71734793954383,0.296943737485183,0.532944989112301,0.0598664952326224,1.15680952017473,-0.0231084460122472,0.462015206097658,0.0506458572020721,1.14484251951254,-0.918486675590599,-0.551915575113587,-0.100907714538416,0.394779343700591,0.306172524786528,-0.258632843032842,0.87094079988002,0.940714526353786,1.66242854191384,-0.903639322098803,1.12587538193609,0.243308708404597,0.325211165765592,0.333436755944512,0.57758785771249,-0.710103259615859,0.245510710102824
-0.276600405743437,0.23125430289775,-0.324791353447164,-0.147094614811074,-0.409353584479776,-0.412106866538009,0.520135058784346,0.757293141833226,-1.22315880698551,0.073083717798048,0.171716992719974,-0.182357770286611,0.0136907289085046,-0.259131155196368,1.38621018030465,0.394400942884457,0.165333002741436,-0.115275990968917,1.07821909623518,0.922707315327667,0.842059623189874,0.212038354817236,-0.325675294188927,0.715407613571381,-0.175497688333162,1.39795086759598,0.996593170044466,0.205851114646305,-0.84214678604075,0.811419577747316,0.0433147646564302,0.139789755481569,0.170330505067102,0.340247310481936,-0.0810303632355224,0.338115247444098,0.702410444489851,0.675242737752882,0.960163204282902,-0.0808328287068352,0.070017847483227,0.748702386493672,-0.418160827893173,0.231955176017489,1.19379076544058,-1.41799612155778,-0.389913656530612,0.504708981622623,0.511123225079548,1.61928718686986,0.44982756733245,-0.326377735712078,0.836183311177397,0.575643887302377,-0.682624640980264,-0.161957412158398,0.775827738058476,1.32130783847276,-0.498828872702844,-0.0792848967873458,-0.93761439847591,-0.171823994450602,0.629276322443965,0.803059568605797,1.125172636347,1.42805228568599,-0.327144977364025,-1.00451360901556,1.37193530190116,1.59077710867079,0.650623846913707,1.23068909176097,0.630527676435869,0.233380336240575,0.661796342604837,-0.578321198033343,1.36519168944399,-0.894523942467325,0.338390688419343,0.776836068574127,1.21548579304607,-0.0818759809670336,0.501002594195452,0.124382165655582,0.917896752544987,0.316195660450059,-0.0642510368299129,0.517808968624198,0.740354609353915,0.601987573731436,-0.110742825218603,-0.0215236261777699,0.385334602254885,0.00483116431608838,-0.605567860557559,-0.612016301207543,-0.0708207297681079,0.325488959442114,0.316014024554371,0.964297199391858,0.713478259161085,1.00647536880401,0.301821044669081,0.114108698323395,0.0989906616732734,-0.0295218702099514,0.289910501238763,0.963019736437559,1.46637038112449,0.951317740892017,0.70394775145416,0.0463990388151292,0.996916999855035,0.705175015900272,0.995050009050141,0.562430021558385,-0.207996342764994,-0.676015081964314,0.977776090517264,1.3049426076124,0.543633620301197,-0.543988195492285,0.74011870625205,0.0488028810301711,-0.925945192990909,0.896866890903164,0.631859088979244,0.0731110841848717,0.66346631095975,-0.251871823376122,0.504102668887828,-0.0876820054846733,-0.851844347022726,1.52699261955799,0.991278450172645,1.20914189174195,-0.757533064116592,-0.287003628160787,0.756343821856289,-0.15486404423113,0.786619129752077,0.721146833055444,0.476551156835353,-0.0679360829115425,-0.558077878413793,0.654460191026623,0.752558791298972,0.288582046908718,0.669983108048173,0.546809124631856,-0.222817775064776,1.56203908716388,0.0836273579817534,0.495375942538952,0.559465331884005,1.38724670803956,0.125156484062911,-1.08041550541046,-0.48461386501515,-0.225023185341942,1.67602295240832,-0.702241905505468,-0.0775874920565679,0.875908820697856,-0.171605801595012,1.33771401345617,0.87119339023341,0.219231751394059
0.876539114627576,0.732978864479282,1.07536911653686,-0.028592079818794,1.82911967376615,0.19898487613952,0.668957806638335,1.07602837970109,-1.36520212309503,0.882966005976336,1.51268458025172,1.75188320367011,0.186718962413491,1.17445373997955,-0.93098352193193,1.72517394489447,0.512469314720504,-0.209800917714677,1.54269039769471,0.652843795404576,0.247832530768312,-0.94515245279468,1.4600212807869,0.356938446377151,-0.163747928664796,-1.44846794217172,1.59572336346838,-1.21324857424287,0.476339886409008,1.01950007946721,0.636831069069632,1.34857352896373,-0.375408344514105,0.437040153110824,0.968341244671839,1.64448463080367,0.543062411266423,0.0202618576560152,1.1911745460442,1.29135820759935,-0.644250076709556,0.66368483245769,0.611821088174397,1.01922311847517,0.6965986997321,-0.24179061844287,-0.877145195800055,-0.212536726860712,-0.793942040764812,1.28896815919702,-1.5475443916262,0.410691246912177,-0.420215914335812,0.386163511949019,0.118073818647585,0.264583338935547,1.12122592830125,-0.881885498719457,0.14249194797494,1.90178319277056,1.1594281744568,-0.554405274369353,0.0971621693763038,1.04984002964056,-0.525529414354619,0.391574500151963,0.843441411565837,1.91333169021184,1.99228641259109,0.771546036198722,-0.13741831925395,0.527048307168317,-0.073585397285725,-0.348084810399145,-0.255623375849215,0.540106225521144,-0.20627227785786,0.745273552971199,1.46241057275805,1.22263308214111,1.46872106497652,0.200633449991655,-0.0542035166928126,1.35085410936303,-0.922179798939549,-0.176143187218415,0.326022054834041,-0.482569883469089,1.16554143668548,0.579570877311277,-0.554800674512209,0.621705737511834,-0.632638616123177,0.422510101567088,-0.847491830735635,0.195125357664331,-0.102527028555529,-0.363487212754557,1.14511336319711,-0.496626881793808,-1.06902726348898,0.127019056331565,1.98744722253131,0.722069601681928,-0.137893467810883,1.24751431098564,0.143019275421093,-0.418894037878179,0.943481510999838,1.89602210483659,0.732827919347753,0.701163042951508,-0.533903868319163,-0.852240214102469,1.24823560403984,0.872206784490084,1.47430062344732,0.328081075930208,0.422456292998812,0.13119420505601,1.920125652686,1.13176435306699,-1.12458279258013,-0.97446344121894,1.83360328529642,0.94287951036178,0.0465459533426084,-0.111736130544181,1.35980369445731,0.819877337819193,0.279366673888605,-0.688625123134021,0.551990827600425,-0.387114830553953,-1.19728777796829,-1.13276286334428,-0.17293641764996,1.45300289706384,-0.391273547565675,0.699452869040102,0.680535376289785,1.83688706024238,0.303569047226413,-0.495679695265683,1.21370670824992,-0.698134450959386,0.280221028784169,1.12963158600636,0.0746086717074292,-0.377502233333089,0.317118197625008,1.57599516128688,1.85862328890736,-0.122648100691349,0.128235033868403,1.46409060204154,1.82721472049286,1.16738737722891,1.10004525163837,-0.306805473836156,0.377007324126017,1.38115224937253,1.35385283984951,0.609583960872677,0.741824090651596,1.19879946396652,0.379119743709808,-0.916354308579916
0.420775052894215,0.263282355419734,1.12507435967523,-0.192044316685536,1.2536791957105,0.258097340575854,-0.471244929951659,-1.15957125311839,-0.618011676201488,-0.423025674674884,0.434954221279637,-0.276628207811377,-0.699199253280419,-0.436072896949241,-1.21151103439095,0.464842209933191,1.11022149022431,1.19481445104922,0.838454223969449,0.685099598445415,-0.539785749893738,-0.97786473910869,-0.339066001145774,0.925536925149474,-0.563360293052128,0.885951627392423,0.111462245521306,0.34581209981033,0.660784996404828,-1.14665184186787,-0.23851639089146,-0.664460326681111,0.184859918237646,1.897262130337,1.43389940590254,0.72985988761221,1.52340758230587,0.30959031266711,-0.153887614538073,-0.263812391353492,0.301450711330908,-0.261984453619715,1.54984194274354,2.14257467617063,-0.254675404555414,2.63871161693243,0.930248072725004,0.940286346552061,-0.134370759932781,-0.790276166555014,0.569214665571585,1.89665604737131,-0.343126879750697,-0.873730781464135,0.166850145680366,0.325295306988262,2.21115391104913,-0.308167684419792,-0.433679437396347,-1.17002108706981,-0.173614571287473,1.94638365837558,-1.03980103855308,-0.458780370632406,-1.20139677054,1.13141213113469,0.451595562555327,1.01278759923602,1.86026479219943,-0.430346689584623,0.725016046667879,1.37481302359181,0.750823176141206,0.62320144714099,-1.31750415184179,-0.571020071850382,-0.718865750850218,0.870776150125658,0.948286255934245,1.82793530462523,-0.2029078546742,0.485027397890757,-1.56066615733768,0.682444489026069,-1.05021922471477,-0.463174939012538,-0.431578994290305,-1.6812098577681,0.388844132262417,-0.877169728597292,0.408976080476204,2.1829592145099,-0.267685946641927,0.166300909662122,1.48597078210702,0.28446537150554,0.633990298699837,3.14207360628054,1.11754449005828,1.34214885544907,-1.2397686638383,0.657907378461581,0.470860393938363,-0.597018307517685,-0.953577583382995,0.33185265188241,-2.61084218628221,1.01888952354947,-0.0660105974402788,1.67809472654178,0.0481346329987267,0.313653099247248,1.03370342713807,0.122929299039244,0.93860057189346,-2.21054205050416,0.704773486140613,0.552352801828103,2.57335619638211,-3.04770205004132,0.140696712919705,-0.966697093630496,-0.5213911301043,1.83980174378594,-0.457854971596,0.0427027482138923,1.44588906148123,0.473843668891368,0.257805963909129,0.570000038125059,-0.945761666587603,-2.3653599730055,0.891203849299556,-0.0313938484320128,-2.09211072960143,1.98272591382112,3.79469049296744,1.98536580245865,0.701633380666785,-0.825285593813009,0.7223295868064,-0.694191329250581,1.29972374851427,0.770246019747013,-1.75335100006584,1.59482201783563,0.291445093634072,2.677343769566,0.418783921816636,0.540769027319504,-0.11462204850489,-0.21616107032013,0.511449484544201,0.841527265337362,0.839667139516851,1.05347712260142,-0.403591242327005,-0.950564830514341,0.503865368430905,0.0141667874865397,0.157299288760283,-1.64743128708553,0.945380042640603,0.444605067169178,0.677857691573954,-0.0125802054621003,1.49981442197801,-1.21244124336471
-0.870087024173491,0.26073161847401,1.15613390037973,-0.00652399176224899,1.5630502685243,-0.885512675523374,-0.44308237817531,0.776035595750435,-0.851443349630579,0.776380294610594,-0.163709497519357,0.632285047683087,0.690719479888997,0.630552031526538,0.755514578477271,0.611192561967126,0.93681223901616,0.767824983542849,1.05240302010459,-0.272880441596826,-0.215707500746856,1.45794947459287,0.208261796362319,-1.3245186470547,1.45255576346432,0.787472703193384,-0.41450122289713,0.98223343564317,-0.184502704958059,-0.181195951107155,1.48380024384197,0.997319694090426,0.698271520133183,0.516875058522763,-0.101655189431645,0.176738184061073,0.00791912233982539,-0.919395163154146,2.33455196493122,-0.0972517551381397,0.741769415436451,0.525292726292664,-0.208678292043791,0.743676422802207,-1.23436001961877,-0.239553375848188,-0.177214394812191,0.545896895825369,0.0506534707036305,-0.462447190728445,-0.387146251890024,-0.161458905010418,-0.0957330478978417,1.86880342264675,0.978535108816614,-0.518161773028307,1.78788406667591,0.43933552638924,0.327434592792051,2.19029874717078,-0.0844031603567541,-0.152519344171435,-0.365415811065302,0.205429193197866,-0.00470111741392393,-0.096170524968635,0.123170918527216,0.0732169199764624,1.94509363997211,-0.530905339674568,0.277976365835883,0.793194112598139,0.782455049999982,-0.135844558765721,0.161514431287001,1.36988904537343,0.779878509807634,0.959621095632254,0.379710261250625,0.379305424212054,-0.512644632770214,-1.22157218145619,-0.808345835075919,-0.0070744675881898,0.748059059360877,1.03470980175934,-0.37456731590473,-0.78778701862169,-1.23823276797256,0.340287832276661,1.79084346558939,0.541158848786401,1.54135168964263,0.92996767553957,-0.013853051434512,0.540554924603032,0.854141168490248,-0.0818595923201617,1.76645748401904,2.028095208671,-1.3630628733998,-0.165589961654206,0.133230265675043,0.830471251559876,-0.533397537908477,0.697738656961709,-0.190086817090623,-0.132923290285427,-0.369983488606823,0.134130369132636,0.995762341530155,0.316957061157505,1.0622832687455,-0.814441947353837,0.85905176351203,-0.8178244274763,0.0853175577302466,1.75349838220962,-0.980127114404246,0.0510842279563699,0.839244390193397,-0.261063372860938,1.01745209285696,0.759093114709388,-0.78955235607932,1.14694598921161,1.12681392377227,-0.332314268208768,-0.399684911397056,-0.544923423828201,1.02156959702341,0.47814681438598,-0.623294004222567,1.53663067059151,-0.254317357208659,0.198739409604351,-0.678703508512236,-1.03682025515304,1.14231166940193,-0.0147769022826028,-0.875918777625541,-1.15778797008426,-1.19558737731601,0.931267997689198,0.770906354429558,-0.0425278202764312,-0.458234594149751,-0.464123143246722,1.0408986580556,-0.225847579231692,0.120966327919241,0.802505388097205,0.418138412431469,-0.545038364149105,1.80995248702905,0.467658819418985,0.681064320613182,0.48678386197424,-0.148713760693186,1.32509734121013,-0.246604929903105,-0.292958799723503,-0.296108844515775,0.82538181365345,-1.01826593179385,0.074517810811173,0.919583124703861,0.652525246114841
-0.00842933135004398,-0.88993983316397,0.247510136784668,0.996005627250316,0.93786590984057,-1.36920834049435,0.440509569315621,0.969521770092707,-0.0395088064480976,1.24020135666423,0.734266092140082,-2.1543670398342,-1.16884224538727,1.56057663639678,-0.441862793101371,1.35143757932109,0.0574894874062,-0.109296513880868,0.400553448338955,-0.640740143247962,-0.543613959707681,2.24753470368602,0.830694791338391,-0.284387485152721,2.01892902584618,1.68305233854228,0.321526050757763,-0.430502728882124,1.13601298626611,-0.489721917929261,-0.58351422972718,-1.69273315485501,0.44989603699141,-0.750411990561169,0.256373363423622,0.604702717102598,-0.313748883175008,1.11745146704286,-0.175157730619014,-0.0635595163684594,1.93156796356428,-0.0509118503687697,-1.25814707181378,-0.125088977377688,0.770233963388475,0.800527763019104,0.476536569028862,0.817960073450993,0.265657440184686,0.315803973056945,0.652947838060808,0.937104528214847,1.70307797718369,0.320293728284502,-0.0855152071522514,-0.326522428699666,0.47357231597613,1.29420179532633,1.53792480238812,0.379952315591583,-0.508377285927519,1.08475262540682,0.77756663817571,-0.538884781120048,1.37340781381175,0.806053502377655,0.500827201618726,-0.771554753273184,0.330236509306526,-0.374830642305226,-0.208357376068058,1.99532699515521,0.450987077755051,-0.234984811275503,0.263662734034445,0.905499703948663,0.0419286236326756,1.1092191651899,1.05978990363582,0.0613569342153464,0.470561928089156,1.21429620753076,2.87368275751333,1.84664879916257,1.07460176342105,1.01574064741984,0.357748678643345,1.39903501100122,0.234607490099377,-1.71653476224346,1.54457335725758,0.0723836789391147,2.40622263410175,1.3787827956023,1.29236473304277,0.842370061385469,0.62587019686058,1.41749414529687,-0.310267816621355,-0.0667199713965246,1.55712611893977,0.295213323030445,-0.103087192847229,-0.260661586577525,0.00287735119885069,0.511879622344593,0.223836857073949,-0.678833452579413,-0.123324489616799,0.399235641317504,0.527529820848609,-0.292888003398972,-0.400080381920409,-0.429973184905114,1.09093247304814,-0.0981039154915535,-1.02926933647822,-0.348608518506036,0.452908770862811,0.668116807889837,0.572756267432769,0.948217227602846,0.270418274304491,1.77469456776293,0.501106630461992,0.536907102031734,0.393866454893814,-1.25281432986976,1.51176371640821,0.332298738516706,-0.528868005864468,0.66474957578128,1.0258287702873,0.253178906852976,-1.30895118188629,0.17242338333973,1.24535676565637,-2.11847721074375,-0.169966736253244,0.242928029661129,-0.377409556025338,0.333237280253904,-0.445834090216117,-0.384328385482525,0.0172711295326156,1.17145712274396,-0.115613200757414,1.50055006580418,1.4993627266945,-0.23124836949891,-0.834396366322454,0.392288942778781,0.576226510042825,-0.563320911107799,0.968312844652977,0.949127019955754,0.906518189233201,-0.439907537588634,-1.56917873558531,-0.791847064607238,-1.31593244554637,-1.91652508653835,-0.626036171125719,-0.40220990586961,0.257459064229267,1.82017510596051,-0.232445665617603,-0.432055650329337
0.614447867677595,0.526698996452677,0.629629612585063,-0.46170224623067,0.677193718318521,0.668360696492743,0.407840498096174,0.341234204108266,0.177527934908232,1.3233346708546,1.09177934442694,-0.513200701650989,0.51830170389655,-0.308301722817989,0.798463054547617,0.632232813098421,0.117724490785478,0.312467614449197,1.02557471441182,1.12751686545572,0.853710107493503,0.236961501709943,1.98005316255758,0.797581689538795,0.0924918623566635,-0.430658051349337,-0.603507740640658,0.665971206565548,1.24645149910449,-0.319896829029662,1.11597418483526,0.313681025119989,-0.00974332469048433,-1.53123189474832,-0.930418791071049,1.67398209416439,0.754641655366858,1.60147726805501,0.689343215038754,0.701731996817768,0.845429165025267,-0.161136318575788,0.607847696408503,-0.542029020870227,-0.10501419727688,0.760554619255719,1.52669350525185,-0.187661461410261,1.15943419000503,1.2529448875677,0.644714132282128,1.98360689721831,-0.0120248045137409,0.0565527386515663,1.11965420378069,0.216500127809326,0.221237679853116,0.513269516351274,0.0312861293373234,0.597407815157489,1.10544989454971,1.70293795282832,0.328007029938559,0.350907156761059,-0.175992374644014,1.24388493176849,0.301023811294822,0.897509900122716,-0.0610728572721796,1.70775789051643,-0.115150425433891,0.696786773523108,0.863186753978922,-0.0727198071325975,-0.0670543527653344,-0.122058620462777,0.514580150962078,0.763235962672291,1.43937931413099,0.501997083140092,0.373591106672808,-0.379225904149404,1.11376801646545,0.556497548441416,0.888968191605929,-0.0766173504395333,-0.296683508428616,0.48123356600671,1.08344645127751,-0.572946212763241,0.640084266727308,1.71954151143713,2.08126036872243,0.311497177358585,0.601696658787424,0.479197390011199,0.809363368408937,-0.366326108571603,1.03134624693238,1.0303313703035,0.979613904165049,0.490509149150619,-0.00381048275823614,1.89706280005308,1.36559932593698,0.276442892229224,2.34102762339582,1.17323641453414,1.55526058022446,0.36718205546438,-0.117785570384061,0.939433645083294,0.912584083955479,-0.23891709061963,1.1085685635041,0.649387321158684,0.305690218308773,0.713388096537203,0.74894922329986,0.746527165340593,-0.353391003714041,0.289265285213425,0.302759266654783,-0.0254455482983474,0.598005690491241,-0.854352020955028,-0.831037346230142,2.06110131164107,1.10890816417192,1.08631322100096,0.569265022825876,-0.0609397613951919,-0.168947434043585,0.372108769220019,0.35187810166029,1.30932947684851,0.212631366336854,-0.814908321146844,0.273320528929449,-0.202523929144125,0.459063596508402,-0.312525177910628,1.06803292274615,0.579952608758436,1.21978696771842,0.9985955609985,-0.227095203450414,-0.025594291528136,1.62776795789313,1.0118256080763,0.609512179821944,-0.0390453418447148,0.713686666117825,0.906580988860005,1.94799382617849,-0.152783182850932,0.336576167919674,0.195480254530859,0.445986908469845,-0.558170210609358,0.954504956369588,0.398978875072325,1.44616026601289,-1.83308573286138,0.0341077819236113,0.987227417705625,-0.225248320946059,1.69967373125142
0.306510870552495,0.979566425994394,0.334386020501711,0.547485878281039,-0.290198190110179,-0.328898009283652,0.928758141734073,-0.196213870346573,-0.800740375578766,1.13465606066376,0.583819700895092,1.10323709632896,-0.962837614565614,0.920338659255697,0.281008035223759,0.205549712147164,0.686218524388,0.894210477037446,1.36182559904444,-0.695766844048406,0.634916819519458,0.152607397183503,0.320279633160491,1.07694036084511,0.210625616884308,0.1950982974937,0.501993343215799,0.657487827768114,-0.464149169253313,0.911907323038937,-0.000575730341867087,0.405200482353977,-0.946942895554282,-0.52331442752284,1.29356343116303,1.2701745162106,1.28655545903405,1.16114394492063,0.235742390086923,0.572884669061932,1.13362795816162,-0.40062184457262,-1.51117615333042,0.50806374104613,-0.236206622008445,1.24967781478684,-0.238826117192989,0.147253294081819,0.733622633604483,0.208356516401022,0.105091102895196,0.894716377043448,-0.736104446731219,0.284506479900521,1.15645390353291,-0.853716658454014,-0.152022262542549,0.588531682734963,0.154575588997545,-0.216862444230684,-0.0847115092772553,0.234571647211505,0.216521622158801,-0.0927008863044934,1.07382742241168,0.500063426750674,1.27978860721946,-0.275847246224838,0.969250952574044,-0.513837619305749,-0.604739736180828,-0.746331556032352,0.752346402802109,-0.0197672823915393,0.260188795228727,-0.367482440153035,0.115028053236604,0.166059167596223,-0.293036349484358,0.962077738577745,0.0581337892954399,0.223975173131371,0.0260276438179033,-0.507155710806536,0.923931528186762,-0.411365834640617,0.014637598390541,1.19045742884746,1.26858303039404,-0.288070624041731,0.705573335010997,-0.133801044143917,0.634873800130951,0.82935582751888,1.0268850514555,0.381793704435851,0.431411873965673,1.05784521406512,0.640502771887879,-0.0525335262976971,0.300649376650576,0.827462364687884,0.29306029639169,-0.486561102144359,0.647001577683379,-0.675914404586856,0.206178834046308,0.133379582936269,1.4096929758671,0.504931322318042,0.0100077796616332,-0.523800945701277,0.177945059657001,-0.405646083579667,-0.142733650209585,0.853876394959489,-0.418349757459353,-0.0697387282751741,-0.1947951260795,0.740090230582097,0.416511888138454,0.480163140437203,0.380421267495599,0.00206604146267442,-1.17113314431112,-1.09416860289137,1.00252007603012,0.856177473898178,0.858014342306308,0.95348914757488,-0.0213256264990974,0.750971261060058,0.702947087382141,0.717199252260193,-0.145898702869864,-0.0210574227714538,0.0949751788068119,-0.198222618354592,-0.362155912906149,0.170915702502642,0.732329973048933,0.555320956516868,0.828815404870909,0.863350602802691,0.3635661627939,1.03387849965103,-0.110346520036121,1.28085804417992,0.093488833863536,-0.594420330365863,0.302411534360405,0.8898040812937,-0.220389927597693,-0.00349766026280302,0.225549235338235,0.647403733320912,0.108716195084807,1.10749788404012,1.06237370534389,0.932711581623678,-0.0171518794338413,0.744229656633398,-0.178202848689055,-0.127505530090281,1.48630205571222,0.134976856490463,0.1984311421679,-0.293885888019968
-0.0565744751136644,-1.0031527783643,0.12401477823857,-0.917371328116104,1.36188194378894,0.0167124414680345,-0.119934300398807,1.71086979560421,0.584082235499364,-0.577010522555496,0.0963105376036724,-0.274286880246613,-0.306657337566032,-0.422583455021517,0.858186200231333,0.592087814980144,0.402126752592462,-0.115900050041467,-0.232428449252873,0.712218441185667,0.833009498696118,-0.101762779904382,0.438247259389971,0.681825088143264,0.5529292316924,0.544148764344595,0.598954421109245,1.1092135193033,1.00722532828444,-0.13100061642792,-0.579228380553866,0.963601024818149,0.641372378961146,0.225705116122821,1.62420547060017,0.777974921950394,1.29801156142837,1.40940210618755,0.456898546883591,0.671391299718308,0.216790431710012,0.4246737735724,1.35951748594902,1.04614360302853,-0.423494025661945,0.0152983824625486,0.58694667516524,2.03055661784032,0.981530687220078,-1.47684625137755,1.17483739985629,-0.259331179739054,0.0875095686718867,1.79292559097693,-0.660992392496278,-0.533006209342157,0.669000390357435,0.449008948853943,0.419680323867136,-0.29284119070064,-0.699885163521955,-0.175482086193384,0.315812404786749,-0.754775627696104,0.372635683931844,0.0633540224545388,0.234118499571251,-0.113125580244583,0.0292189854132303,0.244225660693742,1.72034032583091,-0.0227256157359549,-0.29653718604328,-0.854889717137169,1.60286695214262,0.252949532296232,-0.12694355910918,-0.386576003954775,2.3789168400989,-0.184528917206811,1.18024361876337,0.528084829239387,1.99992987081422,0.236287879797977,0.542366135244966,0.747532111327778,0.229412814415477,0.423480927183804,1.85375743868984,1.62673584205415,0.239451040025292,0.367665182686598,0.779064009368597,0.995755120720305,1.95844937956962,0.0382830965949279,1.43133711558403,0.925601120787712,2.06266632243095,0.16754215777362,1.29659773387148,-0.26229706668407,1.26132921820548,-0.664326433675009,0.699416766841327,-1.34543628535414,0.0361608167556131,0.24832427145138,1.14060037695438,1.64423802872096,0.0964971468735573,1.32476621104263,0.662350500691286,1.24346753966804,0.167934268876872,1.51428537159583,0.93257319665253,0.155301063625098,-0.244953224906672,0.0802300054390488,1.24735671660149,0.981940810785769,1.45670755702852,1.83757219723234,0.582025241095428,0.270412834377185,0.626237299127547,0.128381745541544,0.020175539719398,0.152434044182696,0.149281720773475,1.51804818987428,-0.873990295257451,0.340328077217806,0.960758281988143,0.714383546345944,0.86935738395489,0.52095489002331,0.229151111542065,0.320496917676501,-0.177880719602341,0.838093651685431,0.664814002291938,0.933306948117132,1.01461314214377,0.111335117733517,-1.09685218551104,-0.848893988014806,-0.352427210288598,1.43042173166304,-0.593192564493371,0.00712645616249763,2.20490904427751,0.481736831521839,0.593577144439519,-0.453391276495524,0.504826913068182,0.348792124766168,-0.206504696269911,0.553679615165575,1.83580561737238,0.245658630745787,0.0782590458015512,1.30667123437588,0.575122594500933,1.04374337236156,0.504212588414058,-1.30132724458307
0.0116386609553568,-0.361402223229385,0.0528077960281179,-0.00735357031836203,0.44055047805145,0.492852987734404,1.10649277850115,0.150177235078983,0.979473027854816,1.26666782840827,-0.274166770967346,1.09574163531258,-0.0990058654015351,0.823046784852842,0.45249039917415,0.307762814993993,-0.624037001791851,-0.414034293894878,-0.440549206262847,0.174659335555886,0.335600313081978,0.677214019795165,0.693644053072633,0.460592252307892,-0.0800071543099558,0.276242442000656,-0.553463877289745,1.49251326574373,-0.0864760961510069,1.56559583307838,-0.390017882883712,0.508959160562405,0.558129930889131,-0.0497264386278334,0.324739821284794,0.188420887332286,0.06545166056353,-0.443918633127653,-0.19831607832983,-0.684366071934066,0.141140622731991,0.0642772317097686,-0.107127562010347,0.0092435041972187,-0.244627851709986,-0.393164023417785,-0.763467527833524,-0.748768393047797,0.67592976373973,-0.161201203275072,0.569001525243322,-0.44206529214446,0.695150938528946,0.303644425239192,1.01076330256661,-0.0975766403394911,0.0538713529968317,-0.230030285118831,-0.783515915494684,0.343312085308842,0.649763586301416,0.273653153829563,-0.292596383609972,0.106528492290906,-0.00385415709647363,-0.372231310849808,-0.904792063874023,-0.98308734335386,0.155891543542162,-0.10369450561975,-0.0352624717419709,-0.433299802075823,-0.120277507443641,0.238965097535987,1.09866667182635,-0.674212962490092,0.337921077854543,0.343532429381625,0.177750875648911,0.888902159242336,-0.450209427645481,0.00635831392197542,0.127148065355882,-0.0841436842532583,0.593187903097078,0.528014207461517,0.723978100386756,-0.596548742657396,-0.733241269091676,0.502405344928075,0.208265943440354,0.42202483279673,0.341271908732116,1.19314837459015,0.676851610011534,0.57052812615799,0.427976670263373,0.0455752644435152,0.749030834066349,0.812478652785756,-0.53188550859974,-0.856037505990851,-0.331756768539861,-0.638006134113316,0.335242862116656,0.202521681102428,0.141106851741953,1.99435579419004,-0.576454670004118,0.860112047618212,-0.586273766767159,-0.823979307134133,-0.192476173828397,0.187774619674891,1.18443615223494,-0.345009077949302,1.45602503438874,0.994861624362806,0.218069300178228,0.643839748264377,-0.0979326608987766,0.412649742122012,0.913131006174181,-1.1084556158351,2.28872328478043,0.496757028797685,0.518612847935865,0.747700464683109,-0.721109595169058,0.518244499415319,-0.881268038402726,0.899616775985645,-1.0199971927248,0.930457246389081,-0.288607418835895,-0.317902912021286,0.244444335576031,1.39504693048162,0.938615724556192,0.994220105401308,0.241590010415348,0.362723328486505,0.912266728534225,-0.157547485441981,-0.385819442929288,-0.0641733120430643,-0.62155451045027,0.660215345741324,0.0532623832150781,-0.150283732727052,1.21057724188535,0.38393097768641,0.204665498169322,0.86299929380742,-0.00547660593138005,0.96129075024499,0.752278656251288,0.475327299065977,0.497461602803466,0.354339094171924,-0.289711513256685,-0.147582796331565,1.33911214900714,-0.0257206948377904,-0.160849463288033,0.528191087713637,-0.0923546734679705,0.166492066361692
0.399337558897252,1.26005875113801,1.13758681398792,1.12805084960974,0.730498117546833,1.6725434544666,0.340640411838853,-0.15041707346099,-0.194047450265809,-1.0099847966808,-0.318545660011688,0.605029439678333,-0.773806807468732,-0.770412291868823,-0.0364244359857966,-0.173478331479265,0.939594850733173,-0.00807541104951848,1.0807545219018,-1.23905445289991,-1.05304106954761,-0.177644566004114,0.690573795130996,0.622638863260043,1.84247464048715,0.723558223981079,0.309829349486372,1.83311828271269,0.694021758539125,0.468374688388755,-1.45829803357482,-0.392419008744345,1.09446992093322,-0.404980021354784,0.402375830725005,0.107241974528073,-0.582317629639533,-0.178838529290574,-0.356246200434156,-1.17058122509847,-0.293622150018568,0.0873034391353322,0.29700294097571,-0.0508322132667411,0.0808920327167162,-1.01352965782506,1.06456892839877,0.51990852017052,0.174671348149957,0.206225868622712,-0.295788482969047,-0.668194347706189,1.35583327695107,-0.186113536094711,-0.286105026536145,1.73411101367399,0.366244093595551,0.174575478886766,-0.54951539546089,0.810417214014434,-0.160772575905701,-1.35337782273942,-0.842316839627767,-0.84305000154166,0.7194200426971,0.228981448677883,0.0504380372058861,-1.53862305482937,-0.0105677321404916,-0.904538996949491,0.326782435689599,-0.762913619548867,1.09938588177423,0.16511680749138,-0.763026263141369,0.25884551018126,-0.907889418573429,0.734771673914604,1.23757615462309,-0.24018386008755,-0.0310494431844628,1.0002801164718,1.08053628042133,-1.20218796730303,-0.664587411720539,-0.610764990636935,-0.125539316778896,-0.706927770302929,-0.386870367635261,0.245853925199877,0.561177803603259,0.945146702424199,0.726480535847745,0.0561255148790986,0.292860811127404,0.39943805284549,-0.176164874902143,0.416685824980112,0.0357938354321561,0.0924142497819105,1.1100100240673,-1.05155109900912,0.405014457094233,1.0508899983841,0.259543098478541,-0.298344204950183,0.574677173197936,-0.774444089264622,0.47358074342819,-0.931566733517401,0.603422174257529,-0.776184791755332,0.174221253469971,0.950614357096955,1.00123763795554,0.616264038205144,-0.106105815470483,0.860167592769666,0.866768402422013,-0.778281435046744,0.649131372689103,-1.64543414929343,0.575638512804401,-0.0420965012881519,-0.113331401094953,0.429422206260242,0.164870373850191,1.34194800408513,-0.631883940779451,0.717662806097082,-0.554930618664929,0.850528119172493,0.379422865569991,-0.151831830750329,0.0624124367674187,0.949029411899689,-0.382588970119836,-0.0880505246618266,0.675007726442235,-2.00832798436711,-0.377885102309249,-1.10810736362073,-0.205759107167317,1.09617819903116,-0.157174692763839,0.115414941979713,0.776231537679936,-1.02963918557014,-0.68137002275325,0.168353770398543,0.813098267733394,0.218449713295301,0.0355268483911778,-0.20606032938455,0.0195396169194333,0.375824673918797,0.61034489767575,-0.316927485608891,-0.503087774419282,1.18270318164775,-0.131331120726422,-0.258138675202807,-0.338206781521905,0.93260920459184,-0.984906695738807,-0.389588454563329,0.0639937274200576,1.10428378941872
-0.686697755881797,0.692726532161612,0.220470172434422,0.495124509751018,0.425269342582593,-0.512261830993558,0.702692573915759,1.24322199787653,0.379987948655807,0.316817391824178,0.264655479782615,-0.0757206181269299,-0.558205396229887,-0.748091650953273,0.663373651469062,0.191721387821977,1.28136105553965,-0.386601759715578,-0.247783189226935,-1.35952311886291,1.71662829074518,-0.0331397376788169,-0.181671470421531,0.518120466548895,0.7811411465521,-1.22857475399305,1.15928677192283,1.02316238272732,0.494802076631486,0.42944235284947,0.663969405357506,0.526399641472834,0.242656473775001,0.173086560181934,0.948489466042817,0.232599185299625,0.136074799231527,-0.150968692008023,-0.00584176270330722,0.47494772010893,0.257422355940662,-0.0800653597599874,-0.746156918510741,1.71560524452197,0.503711797247068,-1.30699800733675,0.71159198270391,-0.543767043505366,0.905019789273828,-0.0870734117722765,0.664333703336324,0.0164894125970531,0.224247461849349,0.244453841824091,-0.42805169462172,-0.0752333805333597,0.74786723030862,-0.486120543427595,-0.134616787409767,0.286828394263504,-0.2961583582109,0.0646464255464755,1.09501857548295,0.161380394365077,1.48536773242028,0.987849514071143,-0.41438059392635,0.343734835841486,0.725260770447738,0.895307003525278,-0.248884768513086,0.688487187055257,0.761295744087025,1.2042641431173,0.807898882361414,-0.136572394593062,-0.468888752281379,0.567335968383473,0.0524382298483403,-0.388592041191735,-0.0554938960370256,0.573883940080375,-0.23234310632927,0.578360748468076,0.818038957480247,0.524498490213092,0.622814841456679,-0.254575675660759,0.512088086113268,0.452659027721905,-0.119060767936087,-0.353116195552598,-1.01535124189736,-0.137451830867962,-0.256821584312092,0.911508178518078,0.2253548428512,1.01877608585921,0.498137111697467,-0.205699120279727,0.300114113591331,0.247382338285189,-0.667518729085474,-0.345276960982845,0.26411653846351,-0.458705333026735,0.413803004764709,0.468615443814636,0.444430402946186,0.511797011610262,0.242362770360008,0.128803164318142,0.165845824120379,-0.199432248650992,0.649351010169848,0.57883243763855,-0.226148698713558,-0.0852203530727553,-0.263529984324313,0.404801133628284,0.619379014525167,1.50199278596997,0.325663511713517,1.33848458793192,-0.151317105983313,-0.087555665069071,0.57068628004574,-0.249790756292013,0.632826835581722,0.811223298632746,-0.139161630536752,-0.16911748924752,-0.0455607426072898,-0.315098935150602,-0.37737016366208,0.205216198654188,0.11322064811246,-0.0153320734206371,-0.0976720872523915,0.392333063142851,1.45937956492419,0.355489363144444,-0.0710440587384662,0.917469077690909,0.682141498365915,0.273665467291293,0.117631384944875,1.09648647227588,0.032369522370217,0.182424229103174,0.175368936669273,0.833323252532151,0.332341160228959,-0.149360393005663,-0.434332775144723,0.945651672837472,0.0947520551523274,0.523986436982838,1.08673193580895,0.061876091322581,-0.43852394376041,0.894064812839495,0.238780161700091,0.646514871883927,0.202355324443461,0.772860280207029,-0.488725734348408,0.693903268536558
1.00635018009064,0.98055169459055,0.841019858122023,-1.0914550114888,-0.293912322918684,0.196888613637941,-0.330198121834313,1.11446101095302,-0.288714689255662,0.358120369952617,2.1631252314431,0.16158494512619,0.00841531337410389,0.129366763001793,-0.0139691004712103,0.979293903708535,0.163433942758383,0.358454788908097,1.08960852555252,1.45526957858027,-2.17128892898885,-0.563637901456692,1.04976105636058,0.892456102509303,0.714967461219594,-0.227306780011655,-0.235253973564821,-1.04606117832927,-0.862144265162003,0.240629457457574,0.129124387642608,-1.7418745312655,0.57660084663715,0.20025116925685,0.383246866821555,-0.803259294590229,0.145776272702056,1.02651909094711,0.124131459920977,0.0854933659557259,0.150349182608609,-1.07251683947622,-0.458998494751636,1.67354686324839,0.0963572651637804,-0.290711814612843,-1.13225044991943,0.0634749892311664,1.37146967869321,0.0328759722298761,-0.902925683691779,-0.445868816956287,1.64983613362831,0.713767302218658,1.14060740157744,1.10652466434294,0.605695169936409,-1.11163326437961,-0.189242371219448,0.998337780222172,-0.951072078389936,1.52540595503213,-0.291023627235193,-0.913061472037397,-0.0893902567667913,0.523686427235139,-0.494217921205662,-0.192025625487377,1.32569667245664,2.60646034107241,0.133604040313852,-0.869960661116151,0.0358423849729543,-0.116871478509733,-0.430189526516224,-0.141403608925315,0.637164388498849,0.395397260779848,0.456894810280839,0.0184274139912121,-0.426224006578862,-0.584826808288035,0.587440771233891,0.162284669675829,1.13781776584894,0.779242425900853,0.132832800149646,1.10623691093522,0.543556748734528,0.575545625331042,0.0708352877288149,-0.654210896583199,-1.0824603639147,0.0102200526191746,0.866231846121275,0.779836750256616,-0.402318092093359,-0.355878516386728,0.150605602165296,-0.601901853250269,0.478432116149343,0.895524224212952,0.062007816395135,1.09691509602405,-0.130929376064891,0.111478415358046,0.320993930436173,1.93659481680552,0.489499073739097,-0.447061374835064,-0.178169933711733,-0.0833535757306532,-0.907860027736378,0.342022065097877,1.17836029997622,0.0832932227250791,0.249464978274965,1.12049840587935,0.421323327373556,1.90550088722262,0.0212226277948204,0.785475070774427,0.262364899542745,-0.100785133984013,-0.167533578852693,0.106598032993235,0.418872118958147,0.862710522780754,0.699309494106442,0.895859834223023,-0.737549389195025,0.668369363765492,-0.517811539353051,-0.412588484039464,0.512148700869763,1.24371212011855,-0.453670440325422,0.135997684925823,-1.56425111864654,0.464478366361474,-0.101116462859454,0.391258672390013,-1.10201062244898,1.28188186812496,0.314379130751581,1.63021960394355,-0.708648728279752,1.19187699052297,-1.11147329566582,0.725725963548169,-0.133662329567898,1.75261933500645,-0.976830757100364,0.923845027261885,0.263965561865734,0.583996053009744,1.27931061945054,-0.884861496545263,-0.30681812390764,0.696314390006089,1.10857571502609,-0.30923619923604,1.62929506272996,-0.930055122352164,0.133169902939704,-0.538983200723058,-0.79400142945849,0.903051079171995
0.749692186410933,1.15348232575715,0.498043178312889,-0.81219100768939,1.0493443293463,1.07029698555891,-1.15310618905306,-0.437546328313029,0.640170381187507,2.09623695226976,2.05556225938983,-0.561189116251947,1.74583619815961,-0.657366019318465,0.112007561395018,1.60305975511597,1.44400580668379,-0.107225870630923,1.55247702589314,-0.225439589516069,0.713864672040739,0.0840368823349277,2.44082995999479,-0.887700923386525,0.240330381780386,1.20475006439133,2.40677535296811,-0.06077515879589,1.26689248392027,0.853945289054604,-0.727296072660386,-0.0504425403011181,-1.68743938793245,-0.723124779306561,-0.637586785643298,-1.77851842231362,1.04528492926509,-0.227627928180728,-0.435355501153582,-0.301573344881222,0.426507570383943,0.892213682633906,1.36977379632218,-0.164347889155067,1.16171943342852,-0.153182270512574,0.764395566052621,1.01014747333522,0.271649015234749,0.748552442700781,-1.15509355106572,1.46458387522625,-1.66620262631057,0.46140056218992,0.0377186134536903,1.64267133337149,0.27039071503762,1.66529526329898,1.56277057435152,-0.595540843635864,-0.391369388124025,1.33064202893803,0.840593322925587,-0.682708419734598,-0.0177812247930539,0.242611191035501,0.328856073450467,-1.261256567034,0.285980734362308,-2.10014330917203,0.240455223844041,-0.185498814850031,-0.996970842787518,-0.689077558553611,-0.396087153468991,-1.39127432940938,1.58110352570314,1.65326606076475,-0.357741399023847,-1.07808017218796,-0.0129459305750014,0.0267832312916667,-0.128047826018913,-0.175345630018395,0.744208756829756,-1.3129268398172,-0.85512507106654,0.324213455415182,1.66555762317717,-0.222278822441439,-1.8840933772608,-0.533146999258711,1.83826033202042,-0.258402625201721,-0.103440870765861,0.551233783493096,0.425004908036925,0.807878337046507,-2.96503435885195,-0.0273579050218177,1.58247112307325,-0.599351764694315,-0.838081012540442,-0.999252971389591,0.681936081879176,2.07816019665096,0.132594423464845,-0.182542783499876,-0.0816483488030721,-0.860546167334508,-1.12608256150325,1.1088003793868,0.511365405177639,0.287067853112348,0.790545552103596,-0.689915232460757,0.131561878304729,0.797807414384239,-0.528622990553904,-0.148870546378034,0.357885530106441,-0.964191384891554,1.63106786539915,-1.11523402673159,-1.89383389614354,-1.19822060309108,-0.806495739517382,0.227209226971552,-0.758379843195207,1.18794808691899,-2.36383464782898,0.834430283634284,-0.686953233760157,-1.195991478283,0.83444555002182,0.371938551071144,1.42326653862613,0.889272988833708,1.49805058311171,0.530162191883985,1.25949940350042,-0.783547186978756,0.279791802639717,0.752866443359254,-0.503443732176978,0.0457616915736477,1.29432432199614,0.845763144782872,-0.763889255443202,0.529104841836936,0.632341367689538,-0.394518535589423,-1.12787258520712,-0.495572348654824,-0.0873963449002588,1.93327657679559,-0.0274075705584527,0.111588988993447,3.41090963202255,-0.868311571251692,-0.674379462389376,1.50671828935104,-0.717120941978779,-0.183297625241285,-1.17734102959912,-0.345266612077784,-0.525721228121731,0.456474082473852
-1.32484521292339,1.5263498315955,-0.452471849457012,0.748151247862665,0.870218251179837,0.310077921206292,-0.893237475944626,-1.22208070748249,-0.158364915814383,1.62692372106855,-1.12125816297888,0.339073543627116,-0.954818135692028,-0.231185045231686,1.20463500125671,-0.72444922728322,1.05945508167398,-0.52623963196094,1.63837212244681,0.126194080661819,-0.0825012787273753,0.852662241493825,1.1553983436793,1.10733031950083,1.43051928952972,1.53757466265598,-0.240297042801374,0.664134413488947,2.24194115148926,0.153978152168299,0.420788357324972,0.853765247746929,0.445758615433126,1.15868876494526,0.969194470133504,1.12200906909701,0.339664883238152,0.967233034153625,0.186382345991052,-0.657072903149479,0.486190629355623,0.81696542620109,-0.183592170496473,1.59481038011173,0.706318556159893,0.818787641954478,-0.545186700209073,0.252291426162189,-1.58085864229155,-0.603915561811238,0.480810840242094,-0.100527377613021,-1.29704195418932,-0.523754105670485,0.663485909181923,-0.427525590888056,-1.74827650274286,0.907618432338453,0.56639558809792,-0.242777493094164,-0.420701011872844,0.0114590632423565,0.601346907193061,-1.65702963325033,-0.00381585157169478,1.24649071147102,-0.188359953064095,-1.25514357370459,-0.339910120317239,-0.256903449182122,0.54800879970604,0.653230220414554,0.473331135570826,0.320531707230253,-0.735873165155214,-0.195572977402834,-0.383819126577322,0.366063517104693,0.621381674230962,0.132757013679018,-0.37531207650185,0.713342916471863,-0.623789157176655,0.547384355369378,-0.268778653980078,0.121529757221942,0.30487457709719,1.02157754908578,-0.871505043650798,-1.34541693800711,0.702642570013741,0.481082841546804,-0.664072784405902,1.11693661849239,1.47919769608162,0.769823580945977,-0.613597968333493,0.905808220851653,0.686089784040216,-0.83112420699877,1.54019784489642,0.42767884511392,-0.0902660700611269,0.19795296185288,0.378792232732141,-1.27668473131562,0.899582460210156,-0.611409387457517,0.595649697312606,1.9652160648887,-0.156965066944086,-0.484312418469939,-0.197285036516215,0.0385162278061759,0.683831727687477,-0.521168144547565,1.19124894256021,1.35633512633374,0.579395617983936,1.49388608896565,0.0646439837032832,-0.645534379647337,-1.97354994147591,-0.146855808191769,0.776789256369676,-0.533351687259616,-0.173606139790651,-0.369360023975533,0.893289752929369,0.67590150099985,0.840487864227096,-0.825001142405555,-1.01591379616859,0.740826247965629,0.332722023087437,1.56277900140941,0.360371300481692,1.00234955897699,1.22828442764813,-0.932934791670082,2.1550884096859,1.62232761549748,0.756087601057952,-0.380407845933395,0.728131655011941,0.587558093981395,-0.299301455471875,0.618965092809999,2.06858463552568,-0.770868015097999,0.281503976231852,2.38206223818823,-0.605432702506008,-0.753199296872849,0.499499744102932,1.33784814256013,-0.877910174270591,0.506025720636565,-0.506878219889076,1.47606613738667,-0.798170412758465,-0.524080239271811,0.487341099438546,-0.981173523711125,-0.778203210962199,0.100694034694498,0.218592495355892,0.774438073586926
-1.00253750847636,0.426704795294903,-0.492203732400907,0.801789374203167,-0.236972980746075,-0.0490009031359008,-0.647591313825925,-0.262254196886283,-0.674278907318615,0.0433838416756792,0.724269748583843,-0.527902821686859,0.945428615717647,1.30073623644109,0.166735309832872,-1.37130685469752,0.152292816049776,0.0861817353066599,1.85619396745613,-0.151569343528031,0.711279327156284,-0.366069656566358,-0.704724225980689,1.53055783487276,0.573107809588965,-1.61895669684858,0.134145934104465,-1.52983100077612,1.05927328297648,-0.56265793053797,1.53900511435001,0.462327945996456,-0.184491230698828,0.468445869944256,-1.202425317995,-0.151678797381007,-0.484470685781047,-0.671212259936642,-1.18671383953115,0.557636692016526,-1.01976561362601,0.414265158377104,0.264357959376903,-0.781663888414379,0.298579786936729,-1.53221304268488,-0.480692902775716,1.22823026183461,0.894327788576115,1.66017608008926,-0.248145224085607,-0.371723002889438,1.11994276693043,0.574917729031083,0.541760416442479,-1.83283141930943,-1.38797167942889,1.61137635843727,-0.63503810469651,0.157720503514728,-0.392830314847438,1.52761822304353,0.654519317556721,-0.860934284245061,0.489577059352266,0.903002235282853,2.55733217392493,0.798871063266549,-1.65467190727318,0.149749946431148,0.237398242950926,-0.0734197532811038,0.614312687718285,0.378176590804495,-1.47841142588242,1.11106132182451,1.00372352695202,-2.21483198494354,-0.186804200205694,0.0415136046615611,-0.343524137726198,0.38908458119399,0.870116743360969,0.32183279377308,-0.338644697050996,-1.47019071665542,-0.556876301310203,0.0700185350915823,0.00859294552197304,0.824297599807995,-0.0518761516334391,1.00092567514884,0.614498635262028,0.530308509555589,-0.199931930388996,-0.110315172016479,2.63664837499503,1.80351796761502,0.965260066331305,0.814697252334397,2.13509984553329,-0.579939986165576,-0.928391838308716,0.524584923375411,1.03653654810388,2.09854276561612,-0.0831466923876649,0.0138533236306472,-1.0851323611512,-0.578032689795297,-0.573429796796111,1.02662336455399,-0.0786000719639235,1.36149284571342,0.389858320133999,0.525980852799317,0.603825767254713,1.68202920028534,0.1287966945365,0.579887610873759,0.528421034291938,0.963117868159333,0.777357138946978,-0.778473256782271,-0.737315506751145,-0.417289271380349,1.32438373174808,-0.387434305310685,0.750715558849131,-1.0734838408031,0.350346534297148,0.730563258671069,-0.892911711494089,-0.492755911830212,0.77114064992244,-0.357108533897606,0.688682543230855,-1.32723788126545,-1.55919924032065,1.28950665684369,0.44148945053498,0.514815185902963,-1.47576468063229,1.77433363520821,1.90111279610111,0.366740060393345,-1.03459243688637,0.419627170745158,-0.00843883901075587,-0.569644997195512,1.58473021209624,1.61030323335761,1.38909488813712,-0.102294005968018,1.62180762707135,-0.0156879706842169,-1.34828231031116,-0.584157604381785,0.630439187228574,0.604978454858927,-0.219089255612942,1.28214318691376,0.678524464331355,-1.46111490792376,0.407036233301184,-0.491655580010111,0.76060928009155,0.279244781851362
-0.898570710062824,1.72953541011137,0.537835969117105,0.483255961633963,0.732409692706536,1.04855966330362,0.805468057392555,2.29357182406393,0.472779465687092,-0.174477618170706,1.26461525878653,-0.0932173765188525,0.0518128385622569,1.20814310004759,0.169795650589194,-0.666705146048486,1.34431687680037,0.171247409213603,0.293079657167388,-0.490633369531628,1.16535655551269,0.457676276487403,0.532300652371815,0.956185637148083,3.0781987051542,0.333503290885274,0.839837364557977,0.619521176077009,-0.234078266953014,0.993819877750841,1.11478092904787,0.784803546358512,-0.560483009436308,-0.317855428172162,0.755242979508849,-0.0226226558407266,-0.260202739672359,1.49276765892183,0.581796041741947,0.929538482445411,0.0905876014213525,0.906738317219514,1.31049255158526,0.967408864475523,0.185565248317083,0.268136957547785,1.3522623769606,1.32686071257012,0.445031737296164,0.273140001214873,0.959501396623363,2.15467312388476,0.623894444640631,0.539508549267071,1.15250137028592,2.09270873045455,-0.380227192353166,-0.483835300432152,1.64905350060688,0.0602353856026159,0.676658527549355,0.202637296516835,0.459592282123778,0.280461933680753,0.670321882787996,0.875205354767585,1.13910263503846,0.812212592228864,0.660502563596919,1.88133652371132,-0.194206473841577,0.509028713536247,-0.0706235931340127,-0.353402130888637,-0.313703862142332,0.693433281930398,0.67499058714186,1.5357003308763,0.708086715700671,0.356432232278105,0.13328704912639,-0.478038022544215,-0.598845282062241,1.07318988156771,0.641387577622639,1.67413946987619,1.04263642683021,0.522340110165472,0.642871616215084,-0.121056790242188,-0.11612933273196,-0.679933592818572,-0.926341150638911,1.84530501371619,0.0298751280379812,0.445904788499519,0.501977924654559,0.580666933901686,1.23971186687788,2.1110757263599,0.10415449555145,1.05200316518623,1.12179805121638,1.20721976848061,1.33292947725604,1.12665071397085,1.1359129784014,-0.0649185775591481,1.13049974003912,0.395831745150255,0.0647166914320101,1.0749064118656,-0.330481341533112,0.336609406985488,1.96419200813609,1.84501822501358,-0.435891450501076,0.832676610860705,1.02887954217324,1.53986579197761,0.32695472842184,0.507411419956675,0.77529891146715,0.0296750211492242,0.135568213427726,0.78851065156366,0.713130253197156,0.985065683883934,0.923466332757436,0.272278334631753,0.972530939812144,0.440583950942863,1.35646598096619,-0.293103064894319,0.0245704446355463,0.0388668374726268,0.487407142760228,-0.408261316116035,0.821073697120769,1.41413765794329,0.32832517019431,-0.394525919083541,0.834958416867834,0.711291534200727,0.18917457076491,1.9050135255083,0.453390401369032,0.934771320712927,1.48640814207785,0.260453685458103,0.378608481844154,1.24863008202568,0.334243317410673,1.48100455655705,0.970433346942472,0.427831071997337,0.592023391955227,1.51335617690542,1.226227898069,-0.502382229581821,0.428127684741797,-0.531947637870265,1.46918467113479,1.34527546867294,0.726706309967005,0.761052331685944,0.480439169282134,1.15772995746177
-0.0813796122262943,1.14449375157109,0.163460549594539,0.572738587619265,0.735668566590817,-0.212154892628764,0.0700838131111289,-0.293157892373379,-0.247069915489182,-0.176116664206834,-0.64184218593089,1.33563628022109,-0.512133783376003,0.827642621428079,0.322998838831791,-0.0718774290083608,-0.00783772175808817,-0.316756440738392,-0.225851702329677,0.374098252010259,-0.55216898997812,-1.07354226078208,1.11635611437575,-0.145328772073791,1.30130818371433,0.521289670474928,1.57571016997468,-0.265946429677758,1.3395160809881,1.53150722214959,0.523335908212567,0.40039333925822,1.01445502048268,-0.917411465005926,1.13135437165463,-0.587595563389984,1.78500054084045,0.71129490414376,0.365808522978158,0.366454100912324,0.0769507612188771,1.52480694614817,-0.759716507777418,0.796206519283796,-0.3229389983125,-0.111275691346104,0.518383118302097,0.644091191877004,0.340980055925195,0.669075751870784,0.644373113553647,0.119935692481476,0.132193468189267,0.123287065349703,-0.764215639676348,0.31902204634591,0.0628755267346853,0.24379327362281,-0.222675679662215,-1.1999757269634,0.767059117903423,-1.03904464846092,-0.265971465421632,-0.00748795004153063,1.48359783274197,-0.925142413827675,0.398524678907995,-0.803860218377875,0.351575279132059,0.785649403161675,-0.32118267444592,-0.294126662934273,0.615322346033572,-0.606222387090235,0.615199122086804,0.63637979905795,0.453723162819752,0.236553449863489,1.29192857805887,1.08405349378445,-0.177221747133702,0.0307936914563319,1.08290175432495,-0.00366475655473819,-0.322287042632408,1.69199419605633,0.320750324800797,0.536040422928775,1.43095051281971,0.693977417020231,2.07682316709041,-0.649424837177434,-0.697278269698667,-0.95206652652848,-0.166593910579367,-0.992278516860025,-0.736420746600817,0.590310703031135,0.257001567408824,0.277794000878733,-1.08697488776289,0.330050120963235,0.96433881414021,1.27905958500698,-0.340672650066757,0.318541997404056,0.255556044291635,-0.469147900265828,-1.45191291900696,1.00508374216827,0.858623290842845,0.927514369667744,0.331231588984647,0.620736671477616,0.00859836044065593,0.80191529132809,0.0248342593002343,0.243082281862923,1.77639041002605,0.204663935128061,0.00240629608447346,0.999381132773419,0.819028701932313,0.200721036889324,0.169136634838119,-0.182089997521116,1.15693543670171,0.815939988442688,-0.529360897831393,1.48820756655419,-0.411151478971012,0.41203435294062,0.37613735178751,0.707670055145734,-0.3633319936945,0.820880592292119,-0.692259748748331,1.04481881202263,0.320873213482684,1.20796577047824,0.580906727341176,0.275996841476705,-0.155917658390081,-0.0978244060180933,-0.0133582764333513,0.22323942652575,0.842280126326679,0.467851801822524,0.688330811206221,-0.653218772459223,0.694941721021819,1.70080261660015,-1.3236039929462,-0.118931618139284,1.02696708404555,0.82015889197876,-0.185623741513991,0.159086440691488,-0.206751303071602,0.502374423793836,0.944522488413738,1.32942644304754,-0.53218725721827,0.259549032993221,-0.0589183509705137,1.06797229801164,0.791999034436437,1.18747695791533
-0.437349589761684,0.372748511838015,1.22110283788811,1.01611848330864,1.51807027816903,0.224888723276135,0.0479746129337281,0.902571375303398,0.673506919473904,0.685132429747341,0.959030468703413,0.944473710769953,-0.20253838106223,1.23895458408155,2.30170553425716,1.97519371583996,1.72301097587194,1.39538346234229,-0.281462595297459,1.21789021078265,1.43231326883368,1.35653939408253,0.0601712874760415,-0.356583923789466,-0.0378878614446225,1.25837915017349,0.152176293120911,0.25433091690144,-0.0769008612015677,1.46934287857431,0.724115950140493,0.27527900359007,0.792794806768631,2.18758327979288,-0.151274441788749,-0.766476000866889,-0.247128817513787,-0.449978215041489,0.0261615134506732,0.833130718818774,2.26765439899558,0.221643322939766,0.539089330993084,-0.166633217311244,1.22123522956142,0.663335398067364,-1.38274764142243,1.53320053900263,0.65434736042139,-0.0446384797019069,0.0888557502264121,1.2345605243617,0.996456110448444,1.08697789351123,0.799350690794797,1.12070808078216,1.40546372011721,0.462609557209698,1.15360931125835,1.17133479076991,-0.858582876875669,2.67853732805352,1.13160457686482,-0.231461587957966,1.33859885711385,0.0843579574396509,0.799017771276998,0.940475881962811,0.502691202798747,1.94485253574825,1.68757232705705,0.983635326436248,-0.674022448536283,0.578062637830239,1.75723778858009,0.0847598221245611,1.474570054916,0.92473440954769,1.67953650831486,0.219064696246807,0.631576494630891,1.11874699898017,-0.330453145982066,-0.458858775884447,2.1201758328586,-0.383336362575591,-0.227053073924332,0.38355314679008,1.40460634269453,-0.983008340483712,0.64707813666104,-0.806949293682238,-0.042810347888373,-0.254508053550935,-0.159438440883277,1.9586797392219,1.98100287746147,0.286601174224665,-0.571826288406398,2.0309830648926,0.947345242298574,1.60866728750245,0.939079769559814,0.374944183754356,-0.165622221325259,0.80772343760414,1.16269319240745,0.969994892356456,1.66093385645001,1.9530895850325,0.8013395336753,1.49121803565856,-0.0562174718152098,-0.808280044155221,1.60491620402761,0.332910552782353,-0.21021948628908,1.06150945773993,1.42819374412069,1.02357294755994,0.184839133072202,0.596286908601738,-0.738636216490363,0.685315197023758,1.18956963843749,0.328878584255859,0.11881678674601,0.716829872308455,1.33435941144226,1.99360438424314,1.98050578854541,0.867398652026478,1.50947529064365,-0.0556042233111569,0.248137032979883,1.08405110259399,0.128297622800937,0.740569370325642,2.27005489903985,0.246640547336779,0.261674186029983,0.452815832894286,0.000493971905924373,-1.24584382094952,0.64152587312079,-0.4735591950824,0.792410499232541,0.413136320242897,-0.229877253195402,1.78573290516403,-0.230251093669166,0.623270909945364,1.22106068836018,1.65257369204523,-0.761204365409587,0.710044355169675,1.07584976888933,0.00643588326429712,-0.0164180953363793,1.78201451096293,1.44373369090423,1.60502694197001,0.303827635254332,0.0275036650635427,0.706749738340027,1.82905894902903,0.430809080942241,0.157480809794777
-0.188837889201606,0.439305882925092,-1.06894198397306,0.0301621478785689,-0.0429922727910507,0.159656694727949,0.00860455493830317,-0.701481000608745,1.19508954415885,-0.973422058066878,0.15306934751037,0.413195069985761,0.533733778082512,-0.149518456286013,-1.0383588285596,0.369527673369865,-0.527815590956241,1.40609799832158,1.25959266922917,0.155400111151994,1.63807951304073,-0.707672773225401,1.59780523791628,-0.327000677584289,0.205454560003505,0.790562202912606,0.0734086948455424,0.521803423368147,1.67943908990566,-0.338751638275026,0.230448651565137,0.0368070632119343,1.44297603958245,0.799670868088884,1.28194811994186,1.53717693535304,-0.245389382142326,0.284982641147689,-0.278295559352012,0.690185715117085,0.599937638193044,0.00819313728542978,0.542192861574523,0.818879856473468,0.206237999299222,0.382526755292478,1.16329608276506,0.80072757414431,-0.106761154914468,0.757801383398913,0.50591122375781,0.290735490023201,0.339913436093075,1.95302156312318,-0.18062693879313,0.0436335745502928,-0.148970254557925,-0.310747888131237,-0.209448558622776,-0.70954044495632,1.01750978316612,-0.561327124414322,-0.441007385427589,0.548754398646325,1.067307437438,0.459233884245454,0.619258014582434,0.524597119404393,-0.67181149616977,-0.376855260464714,0.142936796188328,-0.0822927621091677,-0.585621864870717,0.566834860594597,0.742173230460583,0.471580181522051,-0.461546798333729,-0.329001671602173,0.760974439949047,-0.17228141814472,0.832670727857401,0.0103243130266927,0.519820790637649,-0.0617109483046029,0.117148233097063,1.05642552497598,-0.02737889340336,1.25464156681032,0.301535502731041,0.252321387577885,1.09365066639588,-0.412678756676049,1.0247750075349,-0.0767122200266653,0.233018331992091,1.23928297450796,-0.131558993454401,-0.324143225855164,-0.580887655272096,-0.171909873670769,-0.440531479546634,0.447025893263495,0.0495630000939286,0.230407648612314,1.40682018133854,-0.197159660181817,0.980089804872645,-0.0784844404143888,-0.183256846721999,-0.162530586130522,0.323338626892437,-0.45587690829567,0.307160079071484,1.26608499341283,1.02320619827185,-0.0598637602445216,0.980517453995646,0.00683165385770421,0.538606200439283,0.367830659192717,0.0322915865014985,1.12690928522487,1.21989399107912,-0.857769592419681,1.0591163006216,-0.388147103891039,0.770713395664035,0.356789996877217,0.512761821918835,0.83752689493751,-0.487741619429174,-0.312434637877233,0.221852436551683,0.128992741695318,1.71931520922416,0.315952250872478,-0.544147392870499,0.239921975069753,0.217022938583353,0.155531543286808,0.390829116018513,0.0429282771255251,1.50479357575144,-1.78877940992411,0.00467710854296649,0.506551337719104,0.844671334146185,-0.329147723970041,-0.66943413846609,0.424612133403186,1.07374529546767,-0.535848974330468,0.521653745838326,0.601579434957208,0.737230179921442,-0.300358517021439,-0.0648834028835812,-0.318082733810117,1.64520274009982,-0.255258440792998,-1.04200896306929,0.684860771106986,0.864144835626334,1.06275351653925,1.20668952213535,1.09855944954522,-0.49413318140655,1.30044307203326
1.40245505705825,-0.108094844409375,0.539877198104229,0.0819854083781014,0.509970083482569,-0.896448841796991,-1.39123561472391,0.0776969787738126,-0.986975855055024,1.22805829747877,-0.994081045040247,-0.707687883347237,0.60236298816801,0.59889418278066,-0.105376598776898,1.03705645003958,-0.607089332146804,0.806551558355976,0.847793554878163,1.22387805787229,0.942236311394903,-0.428492148575818,-0.00385425792668967,0.0295463190128137,-0.674038779140787,-0.970784810950248,-0.686066405061162,-0.230741142391113,0.467880339775185,-0.248409374482634,0.371085887744196,-0.889459295067519,0.0322766918712643,-0.185053316158612,0.458831926166043,0.658568355442476,1.22646448299437,0.381725912292579,-0.356204777480308,0.734789653456316,0.238464834672223,-0.264509800409591,-0.235976200274579,-0.474711399898737,-0.304713040291799,0.592311185801948,-0.06572117611641,1.11437688447373,1.16131445305733,-0.271347270842025,0.807048595529294,1.33963532590279,-0.571326821257788,0.713954968108994,0.204643262315568,-0.297157721802446,-0.123482752413232,0.0421076394326865,-0.0884051318650865,1.54476995116195,0.386520940153014,-1.24226226899376,0.984041247621476,0.37310926924196,0.355241744877598,0.810091858847764,0.433118439007297,-0.0833065262782541,0.543635112966385,0.918567714904064,0.0495455584654081,0.471523854433153,0.445790402612674,0.893994621420986,0.92322763690049,0.280365979608923,-0.216338164894162,0.987036958744827,-0.597537798491423,-0.373884724685433,0.237143105217403,0.254343920259831,0.185557435859725,-0.123327775197822,0.767481523985158,0.439276725008796,-0.0808454966083977,-0.551109907410398,0.783583143753774,-0.308302488601964,0.102622636241003,-0.700018339671618,0.624857592602515,-0.292133467329773,0.563344125376145,0.513481101813969,-0.406035900271544,0.399158727573899,0.523271661248136,-1.22837137473748,0.865315743768771,-0.219388494040112,0.0106423766409552,0.503014257233981,0.0539495772603922,-1.11684175238852,-1.04755802674195,-0.365832957770638,1.3836958002635,1.86125269844137,0.201100568906281,0.753278075707703,-0.706551457453929,0.712395246791789,-0.0754500340584484,0.65041265949781,-0.160719651735741,-0.514119408523233,-0.56439330899049,1.90815075873762,-0.509354696206763,-0.619762055089654,0.880137055765664,0.293399002170672,0.0437278042729151,1.07888203165224,0.820007453778278,-0.91444440151764,1.5051711737887,1.08331234603885,0.272417548311879,-0.553707970291099,0.806921614219099,0.313788386312553,-1.24985527176583,0.317906520396261,0.908272941310155,0.636123597344709,-0.688716902942038,1.81476557912647,0.330013002522407,0.960672214983116,-0.83807871236277,0.592887677347891,0.546012683984408,1.18523574221804,2.33836156227009,1.48959809216607,0.678261177771187,-0.107500407364454,-0.649971224558289,1.11514023211957,0.206850120386271,-0.856378133066267,0.366930621515623,0.417596002412979,-0.874659143802157,-1.45575668891063,-0.605893420288061,-0.615577371565369,1.43106106152864,-0.163233687043445,-1.48780182545502,0.221302295079087,0.718738695738133,-0.351114663257832,-0.742473312893786,-0.555245394990542
0.342647735546218,0.0731960356416878,0.386164430715255,1.0379064995199,0.106861565260643,0.608927588086355,1.45702405770482,-0.0268369756453015,-0.228794453123413,0.0958536373592172,-1.14223326388268,-0.795018258690716,0.0882398692120119,0.0346345057552551,-0.0400373808657597,-0.0249665383154601,0.623199203818505,0.903416483245562,-0.872703752551819,-0.417607706403485,-0.233244964513747,-0.0138743875956827,1.17422600174043,-0.126469891286786,0.773039026995573,0.321735276416432,-1.16431944724809,0.562545358119074,1.02208136516108,0.901876820254254,0.684669994177468,-0.0414479427449765,0.339625415375648,0.446393808052715,0.770746704183908,0.457882754357146,0.0870439308294247,-0.14053366296956,-0.411321196834851,0.940314388727636,-0.754559593451624,0.236350868761109,-0.557021598411265,0.725062210119008,0.321821537168578,1.15912930318544,0.593467977087794,-0.242068809068504,0.98126159895179,-0.401833461590616,0.424049350596861,0.0561414915136809,-0.142133309728647,1.0551138124168,0.675624803398195,-0.0615371380593239,0.606013236991318,0.0158376827054615,0.39255448364144,1.3952727144043,0.168368058033871,0.410616942472338,-0.0114214054374003,0.555113762415017,-0.113996828412963,0.167970806510703,1.36950406474573,1.06752885765243,-0.660437398236035,-0.451137212947247,-0.176840491144464,0.807563211735886,0.0493094020636314,-0.395047796117939,-0.569645912013953,0.926168347225071,0.31957096251773,0.4034672333848,0.748777435448924,1.08503955435399,1.12590560962719,1.26427023862462,-0.135600835303623,-0.170070788005472,-0.187698259745616,0.763517435059123,0.276864465259108,0.217125565535317,-0.0370179917102215,0.803530807870224,-0.73563681451215,1.10498034691247,-0.327051116995737,-0.721482853491117,0.432979095527932,0.541757703588746,-0.135644093624236,0.0264339278631509,0.571052079059676,0.911285551472141,0.417145297702935,-0.30944272509835,-0.0680867841920114,-1.128695125504,0.991733264563717,0.404732188276954,1.06676411042275,0.561054154640327,1.05023033074945,-0.635932099758003,0.607014440907919,-0.309256189958064,1.2470896072711,0.539813042485524,0.402674883558202,0.582139006392214,0.239879530906428,0.152919515097792,0.854019583395667,0.298407264762203,0.926073737986483,0.683728951828466,1.45489886464528,-0.359323094742822,0.394054005099016,-0.262958953126898,0.348072084844029,0.259905405043155,0.250371827476957,0.839684567161649,-0.339306063601379,1.62949055365002,0.0567181851857508,1.07845348616609,1.25002908865148,-0.0487372240972881,-0.771166315276951,0.539684707110921,0.266595940316479,0.433485329316335,0.14752550971846,0.367596495448595,0.210839867988712,0.606025511988755,-0.709069427559815,-1.00306350038838,-0.25230427236148,-0.54366339250587,-0.0210221977578721,0.101609440250759,1.04327454857963,0.107393725945113,0.317306997742759,0.732898940760183,0.638442456421932,-0.298462458076154,-0.0826309376720774,0.458094724383915,0.434379742535823,0.357825166904552,1.02262737111571,0.0445946643242248,0.608420745343779,0.141821776805609,-0.116558901222725,0.347107125370669,0.522526836871241,0.100975513117281
-1.14797317904368,0.667752138928806,0.554067433392962,0.419352446325334,0.280420150486168,0.375689811609351,0.944333486296772,0.833320247788761,1.12947754323206,0.472615833920437,-1.52353580667656,-1.16489276225869,1.9582703168657,1.43318861545797,0.82917977923417,-0.515012026620751,-0.931212470122917,0.00749629462937224,1.78532161947746,0.541663638875681,0.692029956726348,0.242755377312026,-0.359532784885852,0.581616535706742,0.287587753343572,0.830796730559712,0.545042668260403,0.280885107510733,0.634277837233929,1.12665225143564,0.580224152092493,-0.636780781669163,0.732933937924112,1.38125707950295,-0.233744721902251,0.363611220104966,0.849712108438123,-1.26039606799841,1.84117913673174,0.89072519588471,0.517075362995373,0.15605600697774,1.05943283520776,0.525076890948483,-0.902328592322243,1.25277589159278,0.606392597856121,-0.703323036262946,0.111737041850125,0.340225985030127,0.826095606206073,1.33798660482525,0.0565345613626026,-0.110780101140248,1.04141246573183,0.522325998528695,0.911213134652333,-0.0728899825243395,0.136660345276616,0.528086101578982,0.43283397179511,0.821918827342481,0.399751445740116,-0.640281338218298,0.929523843320915,1.07434056939279,2.43708070782578,-0.203290195157784,0.622233437780263,-0.692798211814475,1.05187655214138,-0.830801515737025,-0.269236920960436,1.19702658173253,0.610863226221723,-0.176276350746806,1.28735520554815,0.711705292707969,1.02159703209965,0.24534214869559,0.311817139416877,0.192980454619635,0.906274746285104,-1.01615853165805,1.41307679447692,-0.302711436631084,-1.58553910081583,1.13100589558143,0.23071430374939,0.0726063459643949,0.934838174251774,1.27451082082666,1.1109880612866,1.07500107699232,1.28259904287894,-0.7387702634036,2.40086765766649,1.29047189230882,0.836752505930586,1.33351211448122,1.20133542691286,-0.0539844659673985,-0.0202983813768677,1.63114616570333,0.469656492637505,-0.075704335999816,0.350691961550885,0.850343590381414,0.233625988880269,-0.498851089981874,1.16975131904434,-0.100029148141908,1.01149970082198,0.26564555683065,-0.733599837831006,0.0648879832707404,0.325238103065895,-0.212658527280122,-0.592120601110164,0.705626930018136,0.514028909660836,1.56411032594749,1.09447015001647,-0.411847790272775,0.581070323926977,2.256484163437,2.23176058081257,-0.996911539269314,0.575230590397242,0.381589535436943,1.49819394522926,0.255652885870736,-0.155433724498824,0.666766366808065,0.16128699154879,1.90155070499049,0.0854083356594536,0.868688627594315,0.555482683304738,1.24306424481267,2.14571521728353,0.309447431885454,0.319319618348132,0.369879610157479,0.255178007107758,0.686242205753284,-0.602476907081844,0.852990051862716,0.0581276425728348,0.422385008883282,0.447304163665118,0.764196066800656,-0.153303413693434,-0.360723536282416,-0.221514342972017,-0.164927390133849,-0.027883495639237,0.381125834580546,-0.149571420863983,-0.619072589951932,0.200111651581391,-0.533858844567704,1.34435224863162,0.473845320789127,0.117127613134143,0.837372420823375,0.349970604303739,0.24236493585347
-0.954474866360724,0.732055520912891,-1.21776977470363,1.38551828962248,-0.143135370651422,0.729729023823503,0.97659581051075,-1.76994010117432,-0.723350110282421,0.415019194049215,0.397774024183995,-0.980412568847549,1.28824445532769,-1.73720785402649,-0.812115261645739,0.720237887285339,0.496341912052637,1.56956141135989,1.02882153482566,2.6250907882128,0.22002891650879,-1.67576147254874,1.32263193922469,0.520587598621995,-0.198819437982898,-0.505565869599747,-0.13755228980977,-0.525300515256165,0.596756514007509,-0.173586020142823,-0.549836919563724,1.78768262088496,-3.06856530956087,1.03973618635947,-0.282863573293273,1.2011835118108,-0.366252647025177,-1.80745491576574,-0.944798362789464,-0.368056342771773,0.335621784949702,-0.353227462842206,-0.0401020346798172,0.0971545518102986,-0.936828670471565,0.44064672784471,0.360456916479362,0.349253246589966,-1.4501830678765,3.21032222727794,0.535756068277353,1.67963135833246,-0.0787609985134421,0.731988804044508,0.0397961474350564,1.13157141293731,-1.22409929122397,-0.0316766197002174,-0.0957464425774645,1.0063231570593,0.793984619505689,-0.127377735665795,-0.498198576428423,-1.36098031467846,-0.212399935116217,-1.00854289962075,-0.0484493308230301,0.461469470479049,1.6767942723458,0.672491798413533,1.33966701728473,0.392121688021677,-0.497635393795014,-0.517190288154817,0.175763481914826,0.888993992057003,0.082241180697198,0.335429334745469,-2.87554359384015,-1.48239433210127,-0.475222785599837,-0.650394733574536,0.28342711320372,0.828711074711969,-0.707578073404877,1.8217907643612,0.977019227779013,0.134285467367973,-0.632087834673676,0.0741696699774478,0.0396358218017268,-2.27487511696116,0.456818744925718,0.725471362274481,0.894738692260769,-0.357893006550176,1.14457284434791,-1.10800030317693,0.883231542119692,1.90252115267784,1.56954719959136,-0.345882405556174,-0.0685211359940643,-0.976273768753284,0.113407478055068,0.829498573454855,0.930183461370032,1.8366024848344,-1.94631004548596,0.605826850096215,-0.547497464350585,-1.67364989481275,1.53778853765719,0.25871521566253,0.660397872002558,1.48048787113804,-0.331640041138712,1.84094779188947,1.07332731806947,0.770661926616568,-2.39333572235367,0.599004253974406,1.7331098051276,1.26072867579345,-1.22112858576019,1.13533063606061,0.672176943024271,2.09587519567451,0.190226729300234,0.612287564350533,-0.00587495451160511,0.589272246570177,0.162207543979115,-0.115832340306495,-1.91056125011308,-0.714868866651925,0.222842459408611,1.41524814783971,-0.187013851777686,0.24527979874418,1.2002301464805,2.52195216726102,1.37067624654528,-0.42783483526377,-0.468938757988178,1.46616515477045,-0.380576807271812,0.998946163697556,-0.702078257342526,0.0456305809581043,0.109583971418825,-0.272153090854019,0.908983138230752,-0.0598281795879713,1.08548984639326,0.756315221965258,0.522031897325235,-1.02695241163512,1.07983663841782,1.09826211262775,-1.38331759801536,0.869021459562848,1.29711899841853,-0.97043445882199,0.857220494978882,0.253581496152086,0.483632096794219,0.00463068224589058
1.57400431382238,1.17651175761206,-0.54207562330569,0.972733526492888,1.13181865034063,-1.42467709803517,0.358990279323904,-1.27256907038202,-0.0651756972523224,-1.75372747041958,0.155722999533529,0.764794161702443,-0.363968230781032,-0.292726785760475,1.24421130237535,-0.0705774569062703,0.427689788610515,-0.354357353065605,-0.279768201123424,0.0898351687650063,0.875499143084346,-0.357720352944203,0.0801066305868134,-0.098147466595944,0.988027707171646,0.23681545942406,1.78450437395903,2.00917892128258,0.0315079270295719,0.578504687648176,-0.6178767555523,0.242133332533491,0.307948434848915,0.391074776442131,-0.630441079079885,1.12123069850816,-0.618831086154423,0.17548021083549,0.449345333906198,0.534370006025888,0.0455398716301061,0.760595212421314,0.80785930374686,0.413919955103139,1.52598017798011,0.869667489217497,1.45153209760544,-1.12768973014191,-1.27485010383907,-0.369674810815632,-0.421679095847187,-0.693828461911321,0.0213346918514574,-0.16738273275856,0.464424000371674,1.18751873674195,-0.578652443066014,0.322634069731937,1.19125475781271,0.92558761949542,0.334384836150093,0.261466848734664,-0.315981564190769,1.19452448939253,0.249105082717551,-0.504155903880594,-0.824067579161065,0.759214580499037,0.232382822407981,2.31806566340579,0.537834343147445,0.487128084708874,1.4689273507508,1.27950002662552,-0.2898138801692,-1.22189567496405,1.60237771635453,1.12101556085427,1.44640068701289,1.81304062845262,-1.28419366080247,0.858262342004494,1.76186220818525,-0.497132935799853,0.571293305236024,1.7601221264406,1.05226493654629,-2.22003925965805,1.19922854861958,1.27198369142786,-0.447264537755985,0.705920043240974,-0.316043261259033,0.251262492921679,-0.155354235474878,0.40607725912992,-0.92948170283463,0.125646587696421,0.449542796877574,1.26470836787415,0.762029796461975,0.497001605260021,0.126753333757906,0.916255919392116,0.399090858500556,-0.834858053939356,0.095173355371383,0.539452158025403,0.504932419252248,1.02011480476783,-0.110896079219156,2.27791041871229,-0.241454236549973,0.69958746692784,1.20836207765962,0.185040868784167,1.15671382453788,-0.794739850992833,1.55268176236553,0.625923652779188,0.745000876829262,-0.288723739088616,-0.459606105082175,-0.365904587386564,0.420274139013716,-0.144623414444098,0.444101428624254,1.99621766328121,0.197604713944058,1.80919360518822,-1.19062625750448,-0.57748491480765,0.227644085004288,0.654364594561444,-0.318585844736628,-0.912066436718298,0.162289066241833,1.3516267961151,0.147191130547228,2.03890213934679,-0.415948643952518,0.328535720958861,-0.525062495980552,1.0227216827476,1.38021974504044,1.1031510071793,-0.59106141927638,0.72228634515968,1.98829950929903,0.786676439868611,-0.207973201784084,2.34343093836325,-0.244303282195849,0.535875119586301,-0.77269441446376,0.279831613773134,0.335562644031456,0.0160624388225917,0.168432596916518,0.482287313189374,0.749929703957007,0.726531127303432,0.800732004969593,0.553447665889579,2.23129342991038,-0.848774463760546,-0.0983035531783871,0.761882762389402
-0.607213398107545,-0.594434433795981,0.224383506628673,1.58162876929866,1.64834544478233,2.10458291502047,1.14813215878968,-0.467168151053191,-0.796547984950192,0.109182043960009,-0.450625340613113,1.51213110814967,0.620454068706022,0.881628154788431,0.509607142943233,0.497103049367543,-0.0981582969682051,-0.719311749024832,-0.313949631384498,-0.399860808057207,3.09983555616353,1.51291311999817,1.99099347273161,0.755465730641903,2.06864625466766,-0.148046194223357,-1.02588250933799,-1.4269199092605,0.107266280297416,-0.473895215508484,0.260369076363373,0.0950032405672368,1.91030916324199,-1.89398263354054,1.39415934125398,0.794856602445032,0.717368236793675,-0.653368953777153,-0.404091191285617,-0.248094078087803,-1.83353183596776,-0.323192712689991,-0.470211690312654,1.08721729700236,1.65631306195397,1.38522252655817,1.24267290389983,1.32133992672888,-0.884188354803792,0.144574332103876,0.88488656253006,2.21625490789113,-0.853729128912477,2.1852192633769,0.644675821186356,0.293360355122719,-0.100909075025973,-0.500331900699325,0.0678114112640873,0.969856739933589,0.17135916796761,-0.353919970345859,-0.0851009676390749,1.50093643846971,0.669624908811973,0.560742995872172,-0.710068823149208,2.79831510284085,-0.404933218996761,-1.23572030231844,0.833311405084671,3.58596197358894,0.697879153089651,-0.609230744060849,0.475322539952922,0.187598424692613,-0.282562361701347,-0.683158367860129,-0.028117767187552,-1.34858052693937,0.90530296018201,-0.45712883264575,0.161793703175793,-0.890843879808464,-0.391152386330073,0.846913723333274,1.5251267719765,-0.428095994439473,-0.708801898882547,-0.0236025747348738,0.242674529867223,1.03635421313139,-0.661628333539315,1.01548757172635,0.36694743659297,-1.39616423570094,-0.812930257927141,-0.46476156212891,0.899217989824749,0.155693189233984,0.630260171034086,1.65132625323288,-0.0897809971944772,-2.1463695495719,0.0721945212397183,0.114853314762313,0.0988756546740185,0.453646907978369,0.102874449127131,0.692728779050946,1.19342726707215,-1.05307355527769,-0.496286097018671,-0.00069288334362827,-0.793948266120419,0.70591185226561,-0.276875428497136,-0.201470412076103,-0.0329892226068913,-0.476156692658216,1.73920884339207,-0.593591002068613,-0.308558889897399,0.494425274634832,-0.913954484072701,2.01188492468729,1.69782814736364,0.0161078684283993,0.98629961274921,1.82428193428009,-0.340422763184803,0.687051037756052,0.665297757854829,-0.603957416560805,0.253746969411981,-0.258140004258427,-1.80814487125184,1.52413827060159,0.670922374635671,0.234255895925369,-1.70082043355424,0.530981874151814,0.1839563024084,-0.511497735881413,0.926617822983589,0.617697122859388,-1.92804839449017,-0.185854691210381,0.494894308381398,0.550427580492833,-0.416627362761015,0.349542209342294,-0.574080726389981,-0.238465291449492,0.59390087719786,0.65849716008069,-1.12115246705359,0.312694349377715,-0.323146117414445,-0.873242071844933,1.41358364444144,0.781200106280267,0.567338986355017,0.245656523801603,0.865166131498724,0.465021007431686,-1.27935868090069,-0.48678678429173
-0.14375884063574,0.166862361139275,0.327591102278054,-0.144117802258051,-0.0197146181683028,0.83336627176613,-0.964246665756347,0.544327392811865,0.921737194063027,0.963377293211344,1.6865508207788,0.0802114698029687,0.150144932915773,0.546091773647069,0.628412604579778,0.227301301715529,0.928581041267005,0.852185809027894,1.11833414888473,0.700719868911438,-0.102816911775542,0.927110127337146,0.404186684950381,1.11624496981433,0.257940580540606,-0.122724588365049,-0.110931384852577,0.6813447818672,-0.244965718049466,0.500729232746043,0.598599780382229,0.782730014329382,0.218237211507212,1.21625128089107,1.50217573663833,0.90902774844603,-0.00438118347459804,0.985639452827964,-0.00953476123881436,0.210388999033096,0.747000560402568,0.203135714893877,0.820553569517499,1.0492906823809,0.292254252327124,0.726378421228083,-0.734104437179509,0.850924559546179,1.50958194744041,1.54457728286586,0.293876172338935,0.0304621223139285,-0.549309023195824,0.0686598885954996,0.479845109008544,0.420036441257555,1.15769989923749,-0.477751678580688,0.412965072496695,0.798463634989912,-1.09786450698188,-0.0338002779966818,-0.162669457382263,-0.471346008741624,0.329464911678927,1.35555061029941,0.516496953008994,0.720249038317428,-0.220308773966983,-0.238275429204271,1.41262261672539,0.958831437150892,1.43081267718055,0.326558873195636,1.1600117745142,0.160920001577634,1.27628062829702,1.16814990683244,-1.13824879064472,0.190069463880871,0.476516544478436,0.519887633167111,1.18604006578461,0.731846915544466,-0.482767859775711,0.922711862784358,0.830062820801073,-0.127771536364692,0.288359142190522,0.839597455994859,0.680275697291456,0.383880058951573,0.521071840216096,1.99142624012045,-0.219555173215816,0.613167821852951,-0.185708981250633,0.583102259153612,0.980669120375583,0.617601453133445,0.337891107008887,0.472211968471688,1.00797089870168,0.924018065578235,-1.01025323531689,0.142912448037983,0.641337538145662,0.418039564566932,2.12306738806709,0.74178017804735,2.64488274913936,1.15051875413897,0.925114393655827,1.27495594729389,0.630794872872345,0.910062360059704,-0.315323180360905,0.763719395210317,0.458651998311262,1.29490057586234,-0.470701354526876,-0.203614278775302,1.22178381618809,0.397196504538772,1.20471958317164,1.21796274382838,0.508648836326225,0.763013413622157,0.149447472736841,0.416453814056776,0.139664340290005,1.2783836897899,0.120370398840959,-0.0850299416811952,-0.572920494057798,0.434359084700745,0.162276783678075,0.656940940984934,0.131473917458413,-0.268724323753576,0.671157591029421,-0.158212492004941,0.550119823434348,1.55967043009749,1.53765053845087,-0.64272295141715,0.616838028375343,-0.448467642039173,1.15315440368339,-0.827933007648778,0.935493473706714,-0.75459623908643,-0.573225624686446,0.541471688480579,1.35148607363832,0.30247784549182,1.79570510185306,0.837553429946983,1.36761695071976,-1.07742115404211,0.526479080427256,1.03462952263639,1.19159851745371,0.547083651521413,1.27280769450304,0.600346779781189,0.398542640665663,0.992593970983622
0.589494044278595,-0.556343066272434,1.15052390696825,1.32980663869812,0.034503448704244,0.237380023065966,0.20705766170197,0.0193424712151632,0.170415410978604,1.60237227229868,0.735717616551282,0.317926552851788,0.167782581866616,0.368386018413545,0.235650055813132,-0.703596866498119,-0.377551737678962,0.340046944162345,0.637285822555148,0.502204936492127,-0.353901343652463,-0.231291788706827,-0.519153095111493,0.185785839653035,-0.312419103164978,1.55572747802948,-0.0540621059581788,0.694781760184301,0.384612059199121,0.172125026743542,0.537919900148661,0.836694166574618,0.725952765545091,1.5169085223975,0.0536384472169252,0.601023692378494,-0.96770605052975,-0.276618556269387,0.741119485568365,-0.213256570292689,-0.719109699169889,-0.813092166282677,-0.0743288590255606,0.0362535164074327,0.0661582675091215,0.00789474121085709,0.477364200017939,0.536334686527986,0.504372876340185,-0.0186050000910276,0.727942036005645,0.484584027973096,1.76564727745807,-0.153577451824736,0.0521718773972925,1.01795997998144,-0.472819176243998,0.0878432833872634,0.947291430961101,-0.0966665038801343,1.1751905897253,0.18595037910694,0.0926050814767668,0.223080716504495,0.960641646401583,0.302461113218857,1.03087399784851,-0.0741280535767574,-0.207345765449549,1.33020838130159,-0.0231841657517163,-0.71562205724895,1.44900378465357,-0.423738190029155,1.92619024438401,-0.0363155101478209,-0.151884458598454,0.184426606734952,1.01126681224643,0.769729415049766,-0.313748402256082,0.335136271611134,0.108708923435883,-0.684748341453681,-0.161285416296934,-0.405736297695433,1.26518168634407,-0.934524981960343,0.233523031861495,0.781599377436189,0.345727685374778,-0.462258059100232,0.520397285211546,0.740643864102391,-0.278354651762609,0.678333543958576,1.07700620362648,0.642038175231713,-0.860473545027829,1.30260067484238,0.963477019079653,1.29433454898907,0.310126824874401,-1.09736032984856,-0.412445119740905,-0.523816495393158,0.0618418691231487,0.994892816808648,-0.543512908861919,-0.202218090852399,1.29257375417653,-0.0125269848634698,1.37796847643323,-0.326124818442789,0.359123301900262,0.855910849505907,0.845161749046695,-0.0365226737776675,0.461511259740202,0.87926480917317,0.302990678514341,0.217719352332305,1.10888444506485,0.227248943617725,-0.354720333658833,-0.0333544717131793,-1.01558634339685,1.4174321247397,-0.31197520038774,-0.45153216298604,-0.164058079514212,-0.00364856298197092,0.0413524526440174,-0.0686356545217004,0.90532013257886,0.413584241906748,-0.113435477252455,-0.0311434006234625,-0.532082827000532,0.243773945547041,-0.552609411191447,0.176685068056475,0.372054982856049,0.0142626462225793,1.35044265635466,0.124761029399283,-1.00490142278181,1.30322168367055,-0.359793016286797,-0.187553518303433,-0.178868792210505,0.548456106020634,-0.444662675960961,0.502565612043282,-0.306442911468847,0.209587637245529,-0.421660882758638,1.4155619579602,0.422051001384769,-0.616177644312497,1.64985701584743,-0.313988162228641,-0.00549247031676547,-0.041340181847799,1.45411429819991,-0.292774614151211,0.278826298034871,0.626243716754057
0.538165057622893,0.506387755134454,0.786465691480062,-0.142014761906465,0.247969869866743,1.02159793019281,0.279540376286076,0.661163822103407,-1.72145110029625,1.16578653672824,0.947567310088837,-0.754592214508973,-0.0945572222438766,-0.277193674001269,2.11074298160453,-0.632252779636701,0.556872800586185,0.827376829951182,-0.0472280452142139,0.188474436174088,-0.459269282805857,1.62377744819749,-0.408779851168488,0.152272846946997,0.999474696470692,1.44121674064148,0.366208132734377,-0.285090330917171,-0.0789011135669271,0.0252931063421884,1.38862191033997,0.319865186496631,1.58856754132176,1.58937416634868,0.341691058168634,0.429731846634827,1.8396829790442,0.132939896391627,0.627205882361061,1.15691967082402,0.939188315671696,1.08961715046135,0.0262675645679246,1.42339355652212,0.844995317318972,1.09532894737059,0.676372843655873,-0.100631524959673,0.831797616062827,0.95776685433457,-0.409418019163334,0.74636822727193,0.712136185706595,0.470996953492045,1.46687277911379,0.118939143207868,-0.151362007147072,-0.0307561930394173,0.741864183434711,-0.0424456799207819,1.50917144464036,0.708666161400112,-0.467754291078729,-0.993423518754458,-1.16989808852059,1.81337337678955,1.20785158937919,1.06195346271292,0.0474430718542614,-0.202850070721908,-0.0425843194686387,1.18673189571439,1.35853889343745,0.374268072878529,1.54717477584831,-0.819486787975007,0.773083522428948,0.194631823669903,-0.528375239377676,1.5198374717906,2.0062699370214,0.278627667137546,0.541844076675339,1.19487158055112,-0.0984152978360483,0.351955281687306,0.830147567048844,0.0589016495035962,0.148472545574556,-0.170535360486936,0.855742365931697,-0.0810083222259409,0.811603654626143,-0.0549280144031522,0.276882889737984,-0.0531488831754642,-0.212939070168378,0.712184546314111,-0.0832329431013312,0.0333510812756077,0.856475332297274,-0.279567880447216,-0.258058209935507,0.823737579381598,-0.0789845105961327,0.606792515728322,1.70414788741291,1.6019935845712,0.83512466810514,0.687140889672655,0.414670854176384,1.19070729303134,0.324891364016149,0.560659468207917,1.52728629179947,0.702614909670162,1.8099981982194,0.223958372832477,0.688426555944878,1.72452024560457,1.58432049833662,1.58299164591768,1.62946312463188,-1.07145410706869,1.92880099034971,-0.181399859352638,-0.953330300282587,0.129477983307239,0.133108324045483,1.46003317149681,0.525033885637896,1.84279426951607,0.0687627005751985,0.808349251191582,0.366421661163433,0.890242130204581,0.0830249445277016,0.890085604373042,0.423454749200068,1.05610403515054,0.591466436217246,0.608809019740768,0.792214953717365,-0.373258687903782,-1.08118371767331,0.818396291469725,1.23095111138157,0.346537102428149,-0.619705677522312,1.640437773005,-0.575874642523603,-0.220161477915657,0.312644627777529,0.639298035395687,0.616436792755628,1.30715900732481,-0.403556448260493,0.673760742981423,0.177697484886434,0.376425392578855,0.983294643093839,0.693105313369776,-0.127072182982493,1.32305545714543,1.230388413713,1.17226178211533,1.68664942818814,0.290464001113688
1.20622327364553,0.210560541648706,1.9360332258342,0.370612578954253,0.464224588511918,0.0709102137536062,0.473915800006249,0.0613880585748285,0.150785708004207,0.757911806044441,1.13020620336791,-0.184472760930129,0.412776315996751,0.778702847699952,1.04794437492218,-0.201879148196911,0.66717991641217,-0.135729058927724,0.318555802491466,0.897469806240102,-1.30059313719138,0.31449736372711,-0.182204374615536,0.919620778378862,0.229017442616012,0.594450610474619,0.664927746692647,0.422565125279401,-0.476883008051134,0.116736454690305,0.303367506112195,-0.0279874857024309,0.41480844817989,1.44562989768593,-0.489722334992887,-0.211313596184932,0.0253896283394581,0.254465395900701,-0.322706579593644,-0.574543651214152,0.602062010952589,-0.133339797359621,0.483978137092287,-0.572073266392697,0.973984254295122,0.177581251799578,-0.217671284738719,-0.049158000321425,-0.102480307435368,-0.739653019249725,-0.133285961548414,-0.0332855851606028,0.224810816227765,-0.510272963811555,-0.154589275441868,0.817159543661895,1.19169163753916,-0.0358736604203014,0.373586071354605,-0.772145729718634,-0.217768610587253,0.109110935840283,-0.371387143549377,0.313120897699273,1.08513470939194,0.0710754644685145,0.348025820263572,0.371510794249725,0.293029754620415,0.165908679572472,-0.435516067324911,0.853902510516007,0.852492800722435,-0.0257381606326405,0.47643003607108,1.55638703480739,0.181137040115554,0.176339793621131,0.00135808782136032,0.472372056055775,-0.95802513504586,0.307339658152268,-0.125822503351838,0.249905350188169,0.991835230327418,-0.0170544191205408,-0.828831076333756,2.17705440922624,-0.301380043904901,-0.136669153190925,-0.173081948636827,-0.11415582299698,-0.338215220433314,0.0755027834014869,1.40606933960309,1.5554145052973,0.101459655049103,1.38449881248263,0.567774321413128,1.14289186068748,-0.706696179936211,0.307679173256374,-0.336400402604524,-0.688765579340372,0.715566315443898,-0.191697579520879,-0.510544363301512,0.234142517306241,-0.962105098364189,-0.368796852050998,-0.219346772422205,-0.0786441508234643,0.44047804725743,0.168501635301242,0.269541254014425,-0.238457954961039,-0.999151362294496,-0.701498969683499,0.4653508965775,0.295867638614972,-0.202922795715812,-0.0860653292063738,0.769864073278651,0.509151861658825,0.632900907247405,-0.237570155724085,0.0337692974261403,1.34366156716442,0.550281908309976,0.381409838105527,-0.275907103700024,0.358317535683272,0.111037009025525,0.517604181718571,0.884107836408934,0.716138422484171,0.710848465739906,-0.306459966113834,1.14329110783259,0.86070321930856,-0.0073119350768181,0.31143929847361,-0.335545304014748,0.457541636668056,-0.431023335478987,1.34936946070055,-0.191236946659863,0.399596722570984,-1.12875951881329,-0.276738601319039,1.10630036677951,0.659476900178485,-0.399767088911945,0.402148301916565,0.545312653476028,0.192620061426848,0.536226647293617,0.156868732264539,0.55125073946167,0.00459999002989581,1.17882892417213,-0.7844053520115,-0.707992043952838,0.161629928445781,0.426511792995352,0.970659556524686,0.494105998837928,0.344589495187919
-0.0952703865715865,1.78101225059749,1.05359444616436,0.449933476706042,0.667914854599865,-0.288987614730634,0.851432196985524,0.168891575949089,1.09371561131142,0.524760321186563,-1.99752246140143,-0.388375548036364,0.394496346521975,0.733402520301556,-0.809114220793637,0.0458270696778816,1.13508374218008,-0.189563771664992,0.215675264399602,-0.40736937491921,-0.311477292635862,0.460721193807451,0.937512184732035,1.25878624363682,0.634199391379374,-0.0368030036478066,-0.332562491178316,0.728744020193953,-0.338928605505566,-1.35172003521327,0.0195193453424272,-1.29387471305464,0.877903068444918,1.15333068831104,-0.102097949698894,-0.579557246907641,-0.0228562012252428,-0.364544529793989,0.579817881196748,0.242733280977405,0.274836866334744,1.11250328427146,-0.0355533268496209,-0.607626794067406,-1.33619239293617,0.388654494517098,0.436131447050097,0.269901788446915,1.59040861472952,0.297996915360842,-0.54426947289397,1.07729716363297,1.12064145267956,-0.348427474696709,1.60412248667885,-0.377581170735087,-0.451060901097835,-0.755769957358411,0.796580568697657,0.193183247727801,1.78602747785324,0.851919436492305,0.0969864551004673,0.800469271188852,0.576826029595397,-1.25855737018464,0.392328363442535,-0.844757158553861,-0.287111398066209,-0.0196016270944351,0.713915090180681,0.663660817065226,-0.796986657391477,2.84250260479104,-0.138043488813733,0.53822009207573,1.51298373770439,-0.166222156003253,-0.664493762320569,0.0808487290916118,-0.553357552635514,0.178385119645268,-0.88407947663872,0.453088368463696,0.358885321150753,0.15798832918206,1.5881883440906,0.00114958137891716,1.68929642899211,0.215507523007347,-0.0851587417258901,0.770541944469988,0.0367582445905001,0.514224503750354,0.768041747363115,1.16664491053025,1.45936001978531,1.45866775734711,2.09486653463243,-1.56639260356044,-0.313905813907628,0.725194976399353,0.66232613669331,-0.565460846023108,0.219698265058569,0.0446420447838789,0.942405444464913,-1.4621912101274,-0.130178041586074,0.92459051554231,0.923741771815683,0.316777315304957,-0.156037524311227,1.93630291924524,0.0181774116181466,-0.721777915515295,0.728658535483084,0.648704147038421,-0.0501955271421728,1.18582691354569,0.765192827487541,0.448149287037738,0.824444014546215,1.70480572961271,1.24250324132574,0.922942955389446,0.703895031292678,-0.831952862793767,1.41274104044118,1.31528786063917,-0.248795631503034,0.323400078995354,0.971839907511871,0.488831755960611,0.642545494946179,0.180641354631117,1.2407846999683,0.0500464915297223,0.88183204931402,-0.0516320158688303,0.763466544058864,0.511814648584477,-0.0168187137720091,0.0338168415235852,-0.930550202068728,0.439288756609439,0.408673152490958,0.110840389863826,-0.529576400366116,-0.298561683681569,-0.430305153921718,0.100671498633692,-1.00185023262564,0.0983665950086569,0.479167176380219,0.790265866302683,1.5020769022042,-0.986783041973968,-0.229151301565457,1.2832806846522,0.29472570318754,0.18337694641475,1.17392606617488,0.11799550859069,-0.927313069526373,1.54569546796874,-2.0116020899182,1.29833994539769
0.0318481117292611,0.570877331693249,-1.2093965709089,-0.131752344278903,0.566635542852171,-0.336743007931216,-0.123564201136605,1.00453928563088,0.140501196921477,0.622807024328895,1.22150977850388,-0.549980580684887,-0.149250634072685,0.721594123888361,0.88393588667339,0.284533936726177,0.100086631042672,0.634319732140561,0.0304382508740456,0.591083749473607,-0.501943852259774,0.579096759225886,0.586648128509138,-1.03290301547192,1.18002961942259,1.12533933733952,0.625901231573704,0.713857769049615,1.46586403112748,0.0893709355512491,0.506030856597294,0.0980838178105743,-0.0976570534964095,-0.0776177423473298,0.36618099773573,0.301827021716827,0.974317622697845,0.237542013805678,0.529736359733107,-0.267161701473461,1.82660944686149,0.235385654985495,0.572888336839721,-0.304435812043714,0.0879463467425744,0.504780587487828,-0.509315191178893,0.193979087500839,0.660557020789386,0.451993189161128,-0.964710909541079,0.420484317804587,-0.342659737558677,1.27023068556319,0.831801631657738,0.125276691451989,0.0114208678801118,1.06055006506288,0.792695795972923,0.371553357795962,0.446486107654538,0.894894307447095,-0.728944197997603,0.390486915610816,0.135204286127271,0.471961730963312,-0.186996713881953,1.12698989790839,0.348369390033106,1.41588335668071,-1.12951210916559,0.556772039263823,1.33133244113096,0.590025583271433,1.21018220984734,0.276010533947663,0.147995142440903,0.665871627520971,0.764183065000168,0.474449571725573,0.336786368861568,0.320471249275208,0.160407538789729,-0.334606924064541,0.147271399078718,-0.238848240323339,-0.155876863972263,0.81069370804434,-0.142535950776978,-0.229643623988031,0.010514998569133,0.8352952451933,0.196849455303256,-0.00420929631633293,0.163767913724409,-0.10369175309589,-0.734029248239706,-0.116603209109717,1.17843638815676,-0.343939626214784,1.04283642376831,0.169441604682822,-0.0300899156172672,0.97355849367046,0.986989857109061,0.127741179139525,0.547876044907471,1.65753057974829,0.479236308141601,0.6513906532901,0.416012265325187,1.20173629698412,0.112775698436269,-0.126129298878846,1.16188988747075,0.279880247191627,2.10242239858923,0.0211665710999274,0.121498810883866,1.09623773793768,1.02795210147589,0.579519084275719,0.740353180405359,-0.039260094237838,-0.129975002601701,0.871839068010857,0.60724400177133,0.311688142554173,0.840339683180219,-0.144211064017376,0.515716472239439,-2.01195532203869,-0.351799936254493,0.886675265024057,0.515816009792813,0.792380557459856,0.579452202602372,1.27954927584498,-0.727039796642625,-0.494521627750901,0.0322759334743041,0.255048953281085,1.03151529152127,0.0216163833044356,0.189279939662389,0.672681473565137,0.191406612540476,-0.322902126585322,-0.131032306806834,0.898583993984164,0.267638568128082,-0.880158041669229,-0.458456957006769,-0.0635864873659548,0.798487848328476,0.625790188346364,0.384753777759018,-0.0609029702921567,0.943098931600009,0.214481538034012,0.432541730439289,0.0226756365853518,0.995343752899548,0.42586529960018,0.517428420057822,0.769546877578936,0.151008375996533,0.651119713352497
0.340298277168089,0.239033848163817,0.23990497285494,1.59044592828882,-0.450104357090448,2.32161159004926,0.17900386910475,1.11537890571401,-0.256970235210424,-0.74281613663824,0.0496973586563652,0.797454981115468,0.644873623605324,0.946427221581162,-1.28415307306331,0.699114847597294,1.16212840115325,-0.0370133234903154,-0.69160404032929,-0.488083545757118,-0.533110360080596,1.14490785467067,0.0820786442047682,0.681028497540397,-0.170038883762885,1.34293850949211,1.74257910722242,0.729618708421437,-0.412914466808629,-0.128368333230903,0.569275762537626,-0.294018475559131,0.327001841687989,-0.155885938860438,-1.45265605622172,1.13377122297131,0.884209610536189,0.2710738265809,-0.690236463607982,1.21895109296522,-0.301637455382219,-0.500331448141124,-0.0412789526402702,-0.112286445674379,1.51782257059562,0.552623444926734,0.817590230813253,-0.242176580856745,0.598918490305066,-0.791020761218669,1.58889417641353,0.146706664393451,0.382795555115807,0.704871613242401,1.14647706322049,0.257788857572672,0.0887180993510205,0.878361847161706,1.89592535914966,0.792038378455289,0.691003002832273,1.51272172978092,1.05355451031681,0.43976093551142,-1.35526249223011,0.355920089260375,-0.853495703824868,-0.37376330199519,0.600432590128618,-0.124029716153015,1.00405248989866,1.39632663287196,0.32646480459092,-0.467299246090969,-0.320649263980962,1.75790245917638,-0.605768324728925,-0.255586913474425,1.78778921503751,0.156456056381272,0.993773425446699,-0.0502480908405528,-0.147325003545177,-0.0228624372349627,-0.106866252799923,0.197206592699021,-0.498109834123593,0.813434837075313,-0.338136516695054,-2.06344349315875,-0.0700558640845173,-0.0516938512901823,-0.283507194032671,0.319327340078248,0.586207780496439,-1.00706512495393,0.631749276862584,1.95621762671622,-0.806961441006446,-0.138365130563706,-0.389633059288395,-1.83571109192621,-0.0779856225952719,0.962367658234005,1.57024748237529,-0.280925759009404,1.22479050662647,-1.10242407611248,0.146786401678285,0.628245426221983,-0.558204371986603,0.349735350532144,1.28418903695202,0.366110291561036,-0.546581510193664,0.587703868300723,0.743275137009572,-0.402745779875205,0.709733881234949,0.121425106631568,0.61515389233699,0.0115698469803247,1.33259331639174,-0.180669710891582,-0.122791063702549,-0.167306606400537,1.75887396644049,0.454676802673937,0.65533336305746,0.847538501917475,0.240150090509117,0.506741637072562,-1.47569607251645,0.741128546520936,0.24368358716038,1.97258290091471,-0.728175063183833,0.676089699942747,0.246003145978199,0.497704957176369,0.341173933861709,0.204074354563722,-0.0355088491615386,-0.0669854106991258,0.885887604418323,0.644168801340323,0.593227549941281,0.493974502189193,1.24185801304787,0.0656567917446898,1.04377001403316,0.560491743043868,0.645251872203622,0.927764407540732,0.249633594129278,1.34960779978802,-0.211216957665704,0.0550902441714092,0.738889583785617,-0.0986491234108623,-0.681409329084715,0.964426092791097,-0.193685288000621,0.468758236229879,1.94508239666166,-1.2693140244188,-0.211812616364994,0.538929664841806
-1.17665142573106,2.06602892038472,0.369281659141734,1.13468390839975,0.193069361148844,0.614496891458943,-0.533429241293901,-0.628068245548522,-0.0975061119085662,-0.874265512238589,-0.316684953040997,1.51122677534453,0.419976391355497,-1.39681648821243,-0.201139158921672,-1.20175695964553,-1.23812927255278,-0.449399941043788,1.44164809198993,-0.209947772439008,0.121370131481407,1.04290934982642,0.0917439083015678,-0.264496966378938,-0.22629380597964,2.62121975919871,-0.412770658465975,0.0533131478769504,-0.0490693076725157,0.629694134264673,0.463958254640503,1.23537428717719,-0.556065271665165,1.16681443904002,-0.525459239191677,0.985886840866627,0.699323934746774,1.38872142756998,-0.911299037564893,2.21449688420594,-1.40571523757453,-0.0159091052623148,-0.319564956243489,1.20945425773886,2.03503582608182,-0.730911758539544,0.295877650960412,-1.07336441507201,2.64542707923818,1.04348285377915,-0.32472852515501,1.31273948163038,-0.368094608196394,-1.07569019503064,1.00136802695434,0.239017618666061,-1.14377370814258,-0.172001545770557,0.580038428409313,-0.131256704823051,0.903403063228107,1.53212200680043,-0.490075280711195,1.48854208174711,0.70044999633322,0.410078271852635,1.15592483779429,-0.414847086234104,1.17106692447802,1.36890066772789,0.469122730352002,-0.472180842545866,-2.17328024817509,0.208355415752743,0.626360065276326,0.475939147068274,-1.69941981914822,0.699007622180136,0.654115692264455,1.4940384948406,0.519299279389544,0.868438900685553,1.36783314994526,0.430589232438234,0.166685709162746,1.04964586673786,-0.687940447545346,0.564761124036352,1.0911257003519,1.20000954391906,0.777724769561981,0.87886327900074,0.232962301672236,-1.37737380630975,0.0894202205985267,0.370025230354916,-0.211366197596057,0.584414816183957,-0.317100802873282,-0.341199342272351,-0.796257826073249,-1.5556500435303,0.538399980190105,1.12746475936665,0.474628357946987,-1.37979825323086,1.46626470719309,-1.81054873385932,0.000610670826854065,0.384884392560992,1.06904703322581,-0.595027812975034,-0.338000485086897,1.26964913134915,0.497400279425021,-0.556441916663161,0.679866445101059,1.90265118502974,0.815889614485071,0.174711484848727,1.16173203670173,-0.522798051719157,0.919388794977152,1.42164358424987,-0.562967623560461,1.07523380461725,-1.19733682896669,0.0984576334582723,-1.04162412295891,0.844413534237828,-0.142310296166846,0.822453316703116,0.943539505542784,1.97653198173363,-0.719797833173343,0.0632689500987239,0.119279503795008,1.76674595769744,-0.208514618534151,1.92238035562353,-0.761027582052349,-0.233444703990763,-0.235006675180809,-0.54208589157091,-0.267376205699452,0.404667526394129,-1.50257393315196,0.7392074621644,0.391693930702079,-1.50897758199942,1.71182270236694,1.07815069047218,0.942764576271629,-0.591168596154576,0.384458286852194,-0.623193328013065,-0.0722191916312078,-1.85197561702109,1.48253825059433,-1.04562194807115,1.78153933136112,-0.952480427461715,-0.565161267371684,2.28586473620135,1.06257348224873,2.51521275629971,0.152209780149171,-0.928337947520321
-0.272611730800009,1.35097785755341,0.76842488096319,0.0311357900631899,1.24698446438661,0.452626864252165,0.741709043249372,-0.757435583428484,1.03155815110177,1.37604285205886,-2.07317953079778,2.40608270823614,0.789424545384124,-1.37059265562358,-0.11287844821749,0.44770204437928,0.390964616556079,0.276938372320424,0.334607601221166,0.767082190452129,0.0837876938257007,0.0699540323669643,0.487222790052257,1.20498322861851,0.305279728656805,0.957266184106897,0.822476066351001,0.494723868971384,0.186276683792514,-0.138355265214075,0.159636204920222,1.58001385658884,-0.142819099449098,-0.369022961384558,0.389203158411184,2.19010379720015,0.0667434727317633,0.182692764425797,-0.849743311422117,-0.0660968531623352,0.361130323746162,0.479592804675671,0.865264658361123,1.79431786983971,-0.602073923763038,0.149065740372907,-0.097803212172484,0.879299930273651,0.873641490141828,-1.19997572575994,0.333033424669183,-1.17492651896246,-1.30550263646192,-1.20134921733091,0.697978577130129,1.2552361110303,0.737241211513283,-1.31671330025676,0.432611650209917,0.296898408467706,0.82055106017518,0.232281299028954,1.36578607843735,2.09142744554017,0.971172775742043,-0.204016139763388,-0.358773645113141,0.349352419843401,0.211309388125439,1.47173272104277,-0.100652099197186,-0.199632025482764,0.566810141258956,0.359823745552705,0.10775364006292,1.43628513281439,-0.167913546739968,0.144936755311646,-1.25614920846894,0.143111084292993,0.589279498964827,0.543042165917677,-0.543520253021141,0.94061897076735,0.842995502893857,-0.229663687059687,0.9683504203533,-0.360209026946788,0.899400984153358,0.894331875945406,0.768299591903812,0.825627183157094,0.0845918484857837,-0.54282698959808,-0.253424015418326,-0.226553540638257,-0.0585333384897033,2.39917733220024,-0.138492179425903,-0.0287710300786597,-0.31126050820316,-0.19373958026368,0.850230483599367,0.320285701422631,0.632202134688057,0.598868229200838,0.314243034755,1.08434672924006,1.21105816236917,-0.358944317814041,0.147884033462836,-0.99940750160055,0.279287440216073,-0.0979690270967791,1.32667222216315,-1.70491350324475,1.21504556227817,0.0142601451868388,-0.104596511106783,-0.313221042024627,-0.20432137000771,1.04599146127588,0.932437650592464,-0.79301499929986,0.707917133949497,-0.381605739311218,0.391484292295989,-0.153975728273433,0.469173628826744,-0.759741027042738,-0.746644456298948,0.542297307411383,-0.0836134247109285,0.0325968030211597,-0.246615831198089,0.317890513642937,1.62620667044768,0.745449903941182,-0.534588187925188,-1.1139453210053,-0.00303602553124283,-1.15683673860962,0.185614526874771,-0.371458700335417,-1.64762131058627,0.117552044869442,-0.376642735904508,0.875305096884034,-0.158807637572082,0.658126070487209,-0.603165131348735,0.458809924337878,-0.5924121332022,0.0448186500965863,-0.104598697034722,-0.230107907719143,1.18952841155479,-0.377018799752703,0.0130773518275905,0.929508017863253,-1.03048373331557,-1.5247250066293,-0.0275200782237812,-2.29606107050166,0.135486245397052,1.07825773254099,1.91403473282973,1.76074212797939
1.14946147781363,-0.128908814336784,1.06732578283428,1.585683205004,0.164191154687342,0.640459041297196,2.8849905842769,0.725147156126195,0.804510260496596,0.55263786424325,-1.16204164360465,-0.637242639790391,2.06533119030102,-0.315404353318613,0.207830519206169,0.0643368600685263,0.632091412020629,-0.307840008289264,-1.0811881600039,-0.220640269109387,-1.44070019299081,0.596699146538797,0.514960732902335,-0.03362415160548,-0.0923765287231669,-0.306431456541302,1.6281384888992,-1.26859231360325,-0.872044392583507,-0.895484912300411,-0.0304839308021736,-0.353065295702278,0.999926456316625,-0.612983049125148,0.00964316317036573,1.04115226342964,-0.114983331248405,1.45762506549138,0.827384189416185,0.194594478124554,-0.762654418488562,-0.670053520678797,0.995710916521318,0.983471082951538,0.405038179521857,1.24889467790308,1.71677667891041,1.05781336308736,0.833625494892943,0.167385072747718,-0.334604434102818,1.49053773327091,-1.36151319235359,1.56916604320556,0.500827603362202,-0.210680617122562,-0.165870147768591,-0.097968252921921,-1.89845824792885,0.414716234407825,-0.6200247214761,0.94264904742602,1.25947087285555,0.347963161087471,0.0171154764305977,0.990603632444145,-0.493184385667791,-0.0343921644444095,-0.889761430563555,-0.0658857501251205,-0.491425292827677,0.687169384507195,0.00264686921238694,1.14456472209833,0.578010867655196,-0.479160934076076,2.41776548963479,-1.49434767334749,1.06522602016698,0.0362077516877581,0.62632869114519,-0.0649363093892659,1.35345618993846,0.437997547196079,-0.399020323706402,1.09359971286258,0.862617018202853,-0.953357971464323,-0.475036259067121,-0.727369904766506,1.45332109076766,-0.0577152900595098,0.680454290721073,-1.00240035997,-1.23032193518331,1.13577260402366,0.546009875643918,0.586471469941031,1.47119594330365,-0.302141369856833,0.125876144868324,-0.776969009889441,-1.5343271555329,-0.399326794401985,1.61095385457876,0.252779730036414,-0.171270982703296,0.564802684082797,0.394370338499184,0.139211380502832,0.747766281207998,-0.0209809972687315,0.0814712975342431,0.782590394163512,0.291930432139465,0.926010546529371,-0.120053343527292,1.17384374116937,0.775601264966238,0.616587682807842,0.292289589372731,-0.914355580102766,0.961881785717368,-0.543934843855154,1.11782085071339,-1.67657730429377,-0.0421848010873141,0.266374232775895,0.769781089148437,0.082567584201192,1.51216463193077,-1.11542791932689,0.624313749559115,-2.29835678176722,-1.03755688323611,0.441967994579504,-0.684761471060083,-0.496213470406555,1.25023442881826,1.26886926358306,2.25420119362901,0.809322001909695,-1.29561151856521,1.33540470205317,-1.54049901188129,1.92791110082609,-1.44731393590066,-0.374762973537341,1.62844520031411,-1.02129116550344,1.19773245672078,-0.375827986167917,0.75467222807967,0.835033109542091,-1.02232598126544,-0.374415630506478,0.0952659524817959,0.509508856225715,0.445342326172865,0.485515939893131,-0.923533806573173,0.135813610942484,1.47444769519037,0.809042224534833,0.142233450050279,0.0486212786353281,0.257552776962008,1.30579176118664
0.0663269686274545,-0.676852830862414,-0.189778611989053,0.64193081978786,0.00817239460653174,1.75577612553463,0.494696901430271,1.09397398095946,1.25072685026902,-1.4465291662492,0.0908369952163804,1.54985953082588,1.21746088817482,0.099625165249676,0.651957929579705,0.492435036528122,-0.0614925469629086,0.471891939467007,0.88351430243297,1.09783320657204,1.29497558120221,1.45124614626258,0.235972499285097,1.17751628491108,0.0285218066417483,0.234071902006745,0.917277635360707,0.58627873462008,1.71075787278603,0.757791705237667,1.35590373979798,0.159493633912742,-0.273263171998031,-0.678896287771757,0.278666215093097,1.54520517466224,0.494455564504041,1.27623623792446,1.86549712423356,0.276197190714318,-0.0186139472824106,1.41258958976814,0.367222137249713,1.12194066674584,0.418762494820139,0.416510699618766,0.490758926494097,1.65103252567282,0.295885414722159,-0.0634144320255223,0.338919614756254,0.248112910890199,-0.0844547416488682,1.77421262826697,0.00596302873806609,0.653238685818595,0.80574151309499,0.67887337197623,0.283002144775776,0.546900160310693,-0.104606690231805,1.08598178609492,0.76366895568807,-0.516405019497787,1.19104103163898,0.571163062261603,0.0958980323414912,0.761782919358196,1.74232748935797,1.01691615176277,0.876215848783287,1.20430122321889,0.536763465505556,0.127208081347338,0.807408118233536,0.00288165713707522,0.911175054399347,0.00049539446018565,-0.831811916778618,-0.337274580774154,-0.0650216478313947,-0.745283000670839,-0.343502909259148,0.50440086752169,0.19575522817279,-0.163716195788492,-0.371715222673188,0.696513818981084,2.1593266883385,-0.350139591220252,1.14271169373987,-0.0690251519393489,0.694029232914949,0.833427197675571,0.725578953537671,0.28339873774538,0.736198902849245,0.532482173493633,1.32462863813572,0.847380747814142,0.541426190079491,0.53290360129555,1.76512531409179,1.00073349240686,-0.69248186633414,0.0452813431640018,-1.11655350890325,0.466602768716078,0.414436944682465,1.59566827369091,1.35420289491418,1.8446333887228,1.0957508906262,0.0597615005815846,-0.0525953267614747,0.158331796281222,0.924364052469513,0.790152105827967,0.389033086416017,1.65434109518609,1.01615557467055,2.28386280785613,-0.660543045480446,0.440448026392735,0.702813242549135,-0.27951927218718,0.974043681087529,0.668213218452164,-0.0871915431084483,1.94375797046972,-0.473577201385497,0.525646764673681,0.290659322832172,-0.344895215514799,1.25071281975944,1.20947433476626,-0.108627473628272,0.397314673497712,1.46050961315309,0.653900864801164,0.953822743173215,0.72009098516793,1.25016997450159,1.1081740354915,0.982895848452121,-1.50252445369781,0.412936004769485,0.340149552099199,0.329830552546631,0.333717168592835,-0.518237854154598,2.33019952783687,1.10350121476204,0.0499800791141013,-0.403382201175049,-0.196921297622149,-0.373680811525853,1.28567275577288,-0.404917582647531,0.32263320033148,0.321531805596986,0.282480428541219,1.3875410988203,0.67819823434302,2.07041937705459,-1.08699085475948,0.755965720533068,0.987735470144661
0.434229077930979,-0.792326282046413,-0.18979059353113,0.714448739811237,0.579089036696964,0.261122071734525,-0.740647847085991,0.715673648561221,0.780694283701139,0.626739322990709,1.36004129956498,0.838479923171733,0.99932528236185,0.91687227681393,0.80053454601812,0.761978710932035,-1.1200198221429,0.277954134461829,0.335017507125179,0.123330599045329,1.85100776175113,-0.552566251461619,0.243723666726937,0.490573332884472,0.358185682640342,-0.115541391829016,-0.0220475232371342,-0.308716637500587,-0.616987346901504,-0.86052741459004,1.16237946790211,0.267274292764652,0.739880285871529,0.558180277337711,1.01220895951026,0.369929981546684,1.15118604123691,0.285161092572024,2.07848669669957,-0.721789270049272,0.722732387924841,0.521271281492368,0.631739115288596,0.826805033046168,0.451750075284795,1.1724680281457,0.273537500268793,0.0610712330915296,-0.305245536099674,-0.922076746703582,0.84983452546978,0.64313214242313,0.887241137505473,0.0173931789566016,0.3440195517349,1.19528189146353,-0.112332065691911,-1.3976905977009,0.387203693141459,0.483290546848214,-0.129643098506246,-0.544482004951984,0.938933908012456,0.677262892173784,-0.00775836009407366,1.93358889486553,0.67676692425343,0.445990648594267,-0.0899367428514058,0.542645316928433,0.105525612660214,0.0468552778522517,0.184249676653143,0.497545228358806,0.21286598815063,0.0324230994647594,-0.362099538011279,1.199845342512,-0.173483197323569,0.413832677315649,-0.473121813930713,0.553910847567148,0.0727192154213483,0.66182122202099,0.479575304674198,-1.43733452424938,0.775426998681494,-0.0112837414089854,0.908592988618343,0.375579915560571,-0.601396378770538,0.0123926665738299,-0.0379291663395325,-0.0455847628060378,-0.373289846932832,0.831760911267871,-0.162870802612234,1.88387024613507,0.230538884022262,0.0337760363549961,0.868873201369253,1.57289664585261,-0.954665596184302,0.0437758215215949,0.898887865916149,-0.339693436801208,1.28764264468965,0.856082462974583,1.20694438325213,0.778518311622709,1.1571987626242,0.711967600869131,-0.795042632817091,1.21915761244299,-0.401835014884486,-0.695700868954206,0.826716950225402,0.708654300337866,-0.580269929165228,-0.412533166134329,0.486825017242146,0.619483039311801,0.080372279301563,0.70022219110763,1.65488971812372,1.13152820392521,0.451469683050336,-1.2086077549469,-0.0074451187758649,-0.482316976029734,0.872933894367478,0.00789174380623386,0.475720809144036,-0.01626115989972,0.0076211909631384,0.759667786666852,-0.690250565903798,0.599117613917004,-0.0343859607554437,-1.29906692518826,0.234561297823462,0.443407262722741,-0.0857350373657785,0.52071496316017,0.0860949776177888,0.0823169950759781,0.106507174185457,0.285227694731732,1.4872415479234,0.793227416156078,1.17712761811541,0.32885365333748,-0.992531609066477,0.59388666342932,0.588413210038021,-0.256334375589659,1.33855801920298,0.292013098220586,0.560936530901338,0.061580849972246,0.701279320244109,0.568908137603745,-0.0612577379876032,-0.343180395275496,0.763011840241524,-0.62238213434712,0.702959927002421,-0.432218932738299
1.42756759836984,0.351672423835146,-0.148556742153193,0.000231183376000033,0.910412425657015,1.17817018596334,1.2042772028365,1.84469081842779,0.398891858772618,0.262046479441827,0.417677038674114,0.199580173555229,1.24560141936721,-0.203832055286675,-0.956827937894771,-0.165218778858097,0.619801538266402,2.04426839028717,-0.185174611876894,2.10185135046846,0.653750401715553,1.30045008026538,1.34997233380673,0.83672920963829,0.594639432990777,0.795012963271438,-1.57771657597951,-0.941069918159008,1.42659061932678,0.967447279907218,-0.0371833051665158,0.595160499533389,0.829343480929985,0.147209179824394,1.80427285673525,-0.0529070561734842,0.959202584145291,1.38883731981038,1.7336674648515,-0.634647719746556,-0.0747697502697373,0.529619135534966,1.18931338006251,1.49398710255626,1.23323028919714,-0.0403094761809178,-0.0825179223386887,2.59995497840069,0.957835609676827,0.67525642429106,0.100881385026716,-0.0588615529061089,0.798176271670682,0.00923944619293471,0.528475485095447,2.02264914770293,0.424983724918823,0.0594158928545472,1.74661411157016,1.1295212654129,0.432474915612629,0.990794622878383,1.53566249866268,1.77740328110035,0.279596525355201,0.52009412440574,0.463610594790362,1.30241515369757,0.219771290450545,-0.550426264347228,1.41129493578587,0.00548079628844667,-0.687537683967358,0.412248985132633,0.671125900708668,0.206424542079133,-0.230804761169108,0.762839416063255,0.497556735989848,0.285177941605139,0.80081856396903,0.232446220059339,0.347522726142438,1.80554696537797,0.913124541691439,2.2522453474559,0.56842444373713,0.727157870706665,0.379562762063785,0.272835701165541,0.715411127676222,1.62368548832387,-1.16498944714939,0.840905035994189,-0.412058145667168,0.297235828498137,0.91310636646995,0.319419346202991,1.32112343589447,-0.535433610538867,1.56640879535549,1.16719099697195,0.741329307451115,0.854004010480325,0.492912584055146,0.475485866403188,2.11528960169523,1.73384320625043,0.342826814028538,1.42114532070645,1.5042010353646,1.39223730323463,1.03336653091086,1.27999300114356,0.0832067625146615,0.185230808914456,-0.793323933931029,0.966359776980814,0.364768359328857,-0.145569948645678,0.303072724598914,0.905227367043578,0.452968417422245,1.14732253625357,0.835332400440702,0.778966787988252,1.09042419243547,-0.856591404999278,-1.30080890709927,0.0622770097512372,0.566685057529831,0.174028775073961,-0.588805423747979,0.695928133109764,0.32775871255869,-0.326689612910028,0.279500336674841,0.525316686955182,0.392535616448281,0.0952801688599476,0.671391042864777,2.49548432583748,0.261433729710587,1.23522072228035,1.10793599268129,1.70151223239438,1.2901184828087,1.41974912273912,0.744930842586749,1.25601281277217,-0.824773879920545,1.35744051076142,1.14992644386715,0.863984152998,-1.20695312232188,1.97205238967365,-0.401225716763995,-0.738101962542109,1.23097826933695,0.236675011326291,0.263402968718603,1.47839183301569,0.950033532290707,1.10712128333414,0.142610235656184,-0.08479345288813,1.05848054908282,0.148518763680134
1.48338668687485,0.357966992561974,-0.859248187025462,1.06431608174212,1.02398779914078,0.94359124691092,0.376445515846428,0.186807158123474,0.635270404364488,-0.2424326562549,-0.020697050798485,0.822267114803179,0.915623564616799,0.142900943342932,0.0623293320661386,1.01039318737884,1.05385054130408,0.208586105066287,0.404738118967726,0.0727389625460093,0.272145528039483,-0.790734212876127,0.421431845448937,0.168554238383658,-0.169957277340953,0.412727119036203,0.71150893703794,0.549185174927196,0.828522369621107,0.0917502670696266,1.05313053738773,-0.918610815739067,0.742929270100107,0.0696225227356458,0.0266222355831384,-0.0420152936434323,0.800890226156153,1.11018942147907,-0.14684934562163,-0.634317920614035,0.821299488261483,0.463800786868117,0.66661845037826,0.0446654294628636,-1.05565329672723,1.48803960981399,1.09577122435369,0.235785623141344,1.18262673625204,0.345135249331575,0.741805303517149,-0.625480336424266,1.12600549492266,-0.333022208811017,-0.0290418301266429,-0.802000464981977,-0.453893190111763,0.28671005945496,0.170526268066095,-0.639719882792874,0.19965130569233,-0.269614607285767,0.00125406615450091,-0.759341667159119,0.128730132922468,-0.155945057074304,-0.0445238097825326,0.037708285355207,0.893998939828325,0.246081933169092,0.727576021455618,0.570138039666043,1.11068714484844,1.21206064842021,0.244065573935675,0.315021177311159,0.832888557793509,0.902372119152604,0.871825636359417,0.220153523483866,-0.224989174471164,0.30043641275491,0.153388555361679,0.922550789736704,0.3523245755688,-0.448509262584247,-0.768763180640107,0.683554510273795,0.0535586174733512,0.203736685261232,0.93228804937764,0.203200052658655,-0.004152892930742,0.892043583063783,-0.356732245425609,0.17315475781281,-0.0718197713375391,1.13808183257433,-0.128146484527609,0.571067691710347,0.482157741713721,1.19818321181483,1.04822940571492,1.49520961099339,0.361529702378716,-0.328330509996019,0.239972588292234,-0.0199121780759833,-0.912976285684244,-0.250067291344056,-0.00283509724648784,-0.0268069136486959,0.181528954443402,0.54315862002911,-0.00695624569055353,0.470082871560037,0.016682163589024,0.029866082886814,0.623423914822223,0.864740213843799,0.0344181496061602,0.417185999543493,0.571209989241492,1.2049986014585,-0.479348467197598,0.317854056495572,-0.346096154131952,-0.21132200835731,0.0331791420712984,0.838710753079658,-0.567832660870494,0.387044973330328,1.68935690622863,-0.417597169882631,1.03431641633296,0.0197836797023735,0.106879921302762,-0.183482296316394,-0.218853587023182,0.534788396156559,0.117801136066831,-1.44284380520742,0.410671115321902,0.279067165218803,-0.126807269606351,0.666782094250093,1.26467731201583,0.991322739329508,-0.116497470804908,-0.682384167916702,0.018979973752695,-0.809705101474431,-0.278759961522266,1.07842331857411,0.451740495296143,-1.24552974431309,0.0875655595030156,-0.0140381016107139,-0.382873728452726,-0.638675609877314,1.03974367288384,0.369956310077203,-0.79167899168134,-0.398255060988262,-0.465168101130802,-0.500981225014802,0.433997429346695,0.3661699010329
-0.23443311538105,0.088237624846218,-0.167789380240074,-0.167250861215837,-0.492169887145462,-0.0817108831429944,-0.141370351960979,0.108903508166043,-0.13541041747188,0.571348738238675,0.0776053438530322,0.486591984140704,-0.96029086105678,0.716866147442334,0.563501220355015,-0.780690256303085,1.07795563336742,0.583713520888856,0.173338293024517,0.166058946312619,1.2678691339187,-1.11096604830541,-0.594441803406268,0.29886978557444,0.218765462192594,-0.212380982038695,0.873016997542649,0.378593533218711,0.40061953645941,-0.534738628680406,0.106862322611591,-0.411206309190996,-0.582808114381959,-0.0684728034084141,-0.127056708898891,0.275310221698057,0.0445594234682364,1.35555686965948,-0.26930075991453,0.427323393902332,0.106421381772102,-1.5422368289626,0.471072205471412,1.46312294247596,0.160710502541513,-0.535789433264902,0.780714767467098,-0.679343631153324,-0.369197254906126,0.307639531974101,0.2627973111961,-0.243665610004148,0.93358483069781,0.601802023300408,1.31677425846146,-0.0281333495396806,-0.547553683460232,-0.362252403053457,0.724991741902799,0.175499830120576,-0.306515207364497,0.635657830339669,1.30425938858904,0.0517972821721166,0.821875500757585,-0.270141976803045,-0.982072002392176,1.11464637523918,0.290283992155076,0.594737350943154,0.428810258832962,-0.237312963317923,0.846756260773322,0.202010886057364,1.03486159533146,-0.262673972806719,1.02054822260928,0.985569907672084,0.553553091204042,-0.24412916126646,-0.786651026031965,0.413533821933996,0.084372596190756,-0.211201533800382,1.44850978365282,1.0954710620664,-0.166001051429227,-0.0633449984708732,0.400900729163154,0.406128456435308,-1.16466003201883,-0.548198750123624,0.86275920725724,-0.0449918446199019,-0.39648823014141,-1.28039713070251,-0.000593003039942169,0.381571097030167,-0.709306894186659,-1.05199149105805,0.522889352693195,0.357213635172167,-1.32302837476289,0.394907083197452,0.667914013199568,-0.315617142648191,0.617430892935013,0.853726125033887,-0.774565108767467,-0.0374686838543788,0.11886235450988,0.973618398559397,-0.176063410483969,0.86683635581705,-1.78827524258669,0.737870690963645,0.990887907911194,0.136285037314115,0.316926083928723,0.270011117375343,1.19608771957894,0.604076104518836,0.355386412589333,-0.135592045045576,-0.613127515531787,0.685933416951311,0.341208281303758,0.301217260266661,0.389799303471434,0.263879865407681,0.228881675558463,1.05907330254052,0.211715603412713,-1.22024299496429,0.569399890828158,0.799299110457037,1.12056827596388,-0.425192898069618,-1.01764257134158,-0.411842414136518,-0.747520676550395,-0.102248777998499,0.810171276149665,0.0788474624194209,1.43935292298782,0.723196311773018,-0.302961484739562,-0.224001426477107,0.258732933024788,-0.0311745786457118,0.0584097948794986,-0.349458199677662,-0.194235590039806,-0.0666874825343049,0.918483338926823,0.0530971499916535,-0.958567997722361,1.04359050456588,-1.11796490658978,-0.7017031570498,0.536716968761396,-0.298725528601751,-0.0292956977421689,0.217579638032414,0.121122936893681,-0.29254466902272,0.63899642821654,-0.460200127943979
-0.861174974984321,0.670403947633537,-0.286051489393216,0.321039275366086,-0.336689756729222,-0.50252927510279,0.15355053247431,0.507233010066571,0.940140881960746,0.196447967277775,0.979532827861964,-0.229323560776754,0.302094828405278,-0.103512927251655,0.139419301444993,-0.606514200473575,0.93458323887172,0.288924895839351,-0.0586058388935506,-0.571166133677067,0.71655659381731,-0.412013756919693,0.061531107364321,-0.235435838818786,1.19533510749535,0.778226445425628,0.530945387196909,-0.232028133579657,-0.234556164588488,-1.03585091791989,0.547519015086709,1.34640769574585,-0.280228963611698,0.133515683485975,-0.351592348883469,-0.424220534357181,0.39213965169427,0.104620082339051,0.360015035091541,-0.014214417112983,0.339331959002274,0.284964682786493,-0.40483506016583,-0.571848853524944,-0.0728360317340121,0.0943325354897859,1.5191940913179,0.541320656332563,0.0991380926515199,0.948843464985903,0.969322813617777,0.498990575730671,0.710951669332726,-0.0874042099445905,0.455312206134191,0.538999709881504,0.127391311676836,0.260767392602546,-0.828145502216628,-0.579658162310525,0.339013836564429,0.113516121246257,-0.860990479638688,0.315027109997512,0.433938845645863,-0.996537025538308,0.152840149863298,-0.222932258528537,0.936553852825004,0.00744334280479531,0.57519748576347,0.444719607660399,0.557881150352621,0.169940613386103,-0.266582062024592,0.597116009325189,0.335165888911161,0.766267693004188,0.387507670836819,-0.150660954080331,1.12280990605553,-0.363455489156331,-1.42412966014056,1.34574632930965,-0.906628087008323,1.50865029502104,0.65513461854193,1.43926294802205,-0.0365968224690685,0.103065921349628,1.09926156320649,0.341786858295013,-0.960579797935587,0.767624507285091,-1.14601475054917,-0.606489083252706,0.106347858126655,1.05588936950747,0.675411904198255,-0.645725753632694,0.642948594834969,0.195599281019521,0.532768481713996,0.321530987574924,0.468694995005816,1.46993161505694,-0.632163997292505,0.495502957291937,0.153647188219668,-0.0464384653148336,0.388076432988058,0.159875301423266,0.390140816464361,0.667509458811578,0.634041681295331,1.24834205366576,0.172436039286428,0.59713098564612,0.411477264417508,1.30783923697252,1.01635290191338,-1.03340191176182,1.28831744700395,-0.319745128268083,0.0874729479812273,1.00211770000581,-0.294644617093278,0.0427705635781274,0.720948051665567,0.0966642554224956,0.0261728814891082,-0.368539423490627,0.769268689878502,0.680900958555288,0.127058218756127,0.847856121139614,-0.211671388616455,0.466684621421928,0.111725605377318,-0.2261923428664,1.0833659991415,0.637230209484124,0.23983402630988,-0.246902327317833,-0.135904542406262,0.362012100184227,1.65279735676073,2.26192135357521,0.821073635801911,0.575316390629666,-0.253371484006482,-0.504743455435983,0.0667232233716755,0.397568743116631,0.512759431446911,0.532630863799836,1.04182327281013,0.533994280477059,0.400337366835427,0.15185344987429,0.0652353368667526,0.134786351341954,-0.374192267803042,1.08505449948079,-0.623193465574298,0.275937060803507,-0.240048418133758,-0.753762099405542
-0.0173486156207555,1.2885109378812,0.565409149772651,-0.66233760161734,0.206687616278852,-0.316157262553869,0.88193126851767,-0.00638717503651587,0.774308615212916,1.40638375754347,-0.194598986653538,0.383332748259983,-0.682967212882879,0.873187926537249,0.00119200722630347,1.20978988740356,0.792820960255387,-0.951148117718483,0.607874014749633,0.966992137283319,-0.0615270072954374,1.09305546455654,0.157194269466485,-0.173497871400722,0.33109862748901,1.09021569213136,1.33750910686989,1.11556682893251,-1.681467816715,0.326040146409762,-0.287118893491001,0.232737746476577,1.0982619803634,1.45210898827804,0.588783496413306,0.0266834622909143,-0.970011760833179,1.37198511264779,0.691806602078469,0.259583951229863,0.846075469650817,0.0387678218419052,-0.87008649062073,1.90532618178509,1.72688206713013,0.119113930061139,0.701652209653433,-1.31132033219101,0.825010961753456,-0.377073181432572,0.356356929891132,0.874243623751571,0.974401567395848,0.855954536627326,-1.03974458506357,0.161527229027954,-0.534724451442615,1.3770977539407,1.35121740072921,-0.487263176971621,-0.89250885549964,0.251365882798586,0.789372071538444,-1.5162805486475,1.1584418549392,1.12261454943756,2.05169016686129,-0.0699306984922085,-0.0106918514151565,-0.166044408117636,1.14954507707674,-0.0241181138661982,0.345200087856769,1.611474371083,0.973095100161446,0.170724477234486,0.249257952537979,-1.04674115449877,0.00263526851027152,0.880514887717942,1.30671961643758,0.31158351037204,-0.566619300797317,1.78001338263499,0.928927065305853,0.721279801067677,0.12398766464774,-0.116773437021984,1.84825676799517,-0.774925107276269,0.951759562632506,-0.863543385383761,0.680201272523618,0.188401975663677,0.846994101942574,-0.241828416643927,-0.0966165745013086,0.0583880089861912,0.532829762233741,0.0738980192115919,0.190025179187648,1.07487760287256,0.601389258292189,0.787686797646774,1.45123807952169,-0.190545281279735,-0.233194733132116,-0.723979073987851,-0.00756277512227588,-0.166260530896925,1.27438617000079,-0.118414610444719,0.700534334345189,0.299310865946784,-0.423335257872677,0.293054865057376,-0.0111127107067553,-0.0750080600970001,-0.51292965500147,-0.335250114677268,2.11162390207918,1.41235256646122,0.418890718286091,1.17775073510351,0.083844600657309,-0.288289714968271,0.957753004255078,0.19349079675612,-0.0377916704217443,1.42141182282585,-1.22846879585394,0.500818358696652,-0.777580679109393,-0.151451578700236,-0.129112395886831,-0.027169793508997,0.517218032569836,0.705715004613788,-1.39548762984252,0.755159296692732,0.788793122166858,0.286645107464606,-0.24898354904769,-0.472554207682365,-0.614871474722053,-0.860161302949961,0.174017444156163,1.39547762256297,0.366950078798281,0.637953816257617,0.329792212545993,0.248215876000568,1.00342821859591,0.878482433068736,1.31072641217927,1.69628511683526,1.52651623399524,1.29565352146866,-0.587483191074778,-0.352710502973947,0.0780459020490255,-0.219653941242104,-0.808336702333985,1.27951445939939,0.72695388896714,0.423029533288421,1.50476490327565,1.73835541478189
0.487783721482913,0.249485826432429,1.38295036481723,0.78441508454476,1.79881341805263,0.87442536039566,1.73611500222841,0.776728923222481,3.09208495578329,-0.565671973187747,-2.10232506629968,-0.376226209970162,-1.1697489856994,0.827994325948648,-1.12159108642879,0.906958482466893,0.0157504688336622,1.2906969698466,1.76776565020411,-1.275655062094,-0.569071813488725,-0.381878487785386,-1.69667629100502,0.718501238290798,0.649616819607214,0.853371291967961,0.823341714938633,0.673449690035913,1.6551152206667,-0.0198734773796145,-0.670723163357832,-0.545624337825812,-0.302526301841923,1.12776143096909,-0.359399220430071,-1.26593609976171,-0.0867005044327538,0.453971234341896,0.292579475395357,0.0422215303892432,0.0475248801070932,1.59106717927312,0.483871936115734,-0.510457371136727,-0.304554672369774,0.757108609268791,0.0547268165548759,0.729420442059221,1.99459299012106,0.348614815351039,-0.386168743253453,-0.067851606053702,1.62470803473861,-0.359426557491896,-0.287191795586923,-1.31668000265587,0.405508452023967,1.29761811572352,1.72773045551434,0.806925377593709,-0.0308660856081381,-0.382025699028526,1.42846679809148,-0.388508634576523,-0.299253909648726,-0.302749739613163,-1.01765118455471,0.881052117657174,2.18587460028896,1.11243550290642,0.736915851915642,-0.518942407580639,1.95699699616849,-0.522111002199898,-0.948135866698992,0.806352407529113,0.386738178583553,0.832780008767697,0.691613610448858,0.56887464079654,2.90256510977404,-0.319464934324392,-2.32142226700187,-0.939805390735155,0.884236837922983,-0.975129763297776,1.28651670474823,2.52349710991041,-1.74883706735065,1.61805783251427,1.66867995403983,-1.44025305041691,-0.0417301013104533,0.22317025260648,-0.643021426718629,-2.00961447504318,0.373493255900412,0.443227498808225,-0.117943627157029,0.369498283913346,-0.968130737397159,2.06496450610173,-0.972829343628727,-0.842236926365898,2.2128888435851,-0.682524388019124,0.139746109078432,-0.723877978018524,-0.118431555657732,0.461676449603136,-1.10224804166268,1.6172613386533,-0.12630890056703,1.5170163358301,0.42262567210734,0.666180330403131,-1.20557085895967,-0.468574690135921,-1.25366908150554,-0.528142655509022,0.762704128907669,0.604330235023925,-1.64889981975745,3.32825177357863,-1.42893554944265,0.743502641267647,0.365843794793832,0.04342268683862,0.224641306588051,1.17336614027991,-0.0230852067577489,-0.896257484048795,0.942673669501815,0.635999802291037,-0.526522724581475,-1.18763244347287,0.84153525427978,0.954540936737942,-1.62773953153539,-0.236961126906898,-1.78062811682149,1.03072193122754,0.2553023380071,0.861137533262364,-0.835543257037743,1.78651610379494,1.61938329134259,-0.0412143285358155,0.0596882110588483,1.46129151663002,1.82465934800805,-0.144675105835592,-0.68890372747123,1.01355887173875,0.328507039418258,-0.185898797375155,1.2266015111556,0.475526862099163,1.88841216815241,-0.598138209160851,-0.13924764343184,-0.0919229260939221,0.995762699792636,-1.13379016925815,0.288824712398633,-0.0274890148944283,1.49885912985866,2.36747947653642
-0.779058642879914,1.37103514995974,-0.0802094693097466,0.26787434161089,0.0390648076517822,-0.700204370108801,0.0542896973132836,-1.44932023317202,-1.26278658863167,1.38665569943739,0.133647774590774,0.245581777843831,1.61913588319643,1.78441838930998,-1.46729872748696,0.316082992210233,0.521404801969995,0.0852320568776264,0.259389480858954,1.16408621137539,0.0505969970874647,0.477334298307741,0.14767726004154,0.139141368386217,1.30406405576025,0.417633286672834,-0.470104555892259,0.812702811744385,0.808353541125854,-0.573712684115358,1.03535758393171,-1.69814756465143,1.18884970963526,0.328368397832529,1.80542979859633,-1.6615984226597,1.3077619337416,0.37652085768832,0.486819407055458,0.624022509762459,-0.850387098001444,0.882413530838452,0.883412027915585,-0.877240300587287,-0.122871770713267,-0.0280313197711001,1.23121736266826,0.550888927200974,0.680329546131015,-1.04817272194335,-0.433327380188912,-0.449634600690714,1.06336424034636,-0.66283993199963,-1.11097209223104,-1.46340099470903,0.992176807273364,-0.581339250753699,0.0902211008942102,0.680106927324194,-0.20181061205089,0.83023827816712,1.16605362186898,0.903226449106266,-0.740912965108832,0.880188582481425,0.318747983463334,0.658597729195923,0.787771205250311,-0.519577962398505,0.792252531924403,0.204857076884709,0.896734730044898,0.241172537133181,0.734147538875914,1.09734048088971,0.666543134918702,-0.433541804815992,0.225071450163006,-0.67212045651006,0.512266773551739,-0.382204947472055,0.208268497390082,1.25392261035743,-0.0950933339258754,0.702855869680041,1.665755489723,-0.991171574500366,-0.0845552499370392,-0.707963932069037,0.727396977813997,0.5648462181375,-0.644176833401756,-0.691361051014065,0.0994726559445012,0.659213175535986,-0.180159620467159,0.937479148098183,0.277089426179422,-0.365505265571569,-0.240260015482365,-0.566326408249375,0.0244391986610384,0.404840620033811,1.55146116999534,-0.402617169207882,-1.02421318739041,0.936027507943764,-0.499406248397895,1.01899801996109,0.531505985063337,-0.6269017170494,1.3845918692322,0.0396347315345761,0.300793259196085,0.877099368372629,0.775276688616417,0.37607308786959,0.0593919280887381,-0.233442381386449,0.500499236662543,0.516122794396459,0.104629986104571,1.14013987438084,1.8534847351078,-0.24331180339603,-0.325889367201095,0.890872200790334,1.1756285204501,0.295247140311789,1.19009797427236,0.842271960696017,0.646999515964471,2.64929781319564,1.15634309150658,0.647047660019288,-1.03434115162944,-0.968902199418264,1.22004060126114,0.140963682175024,1.55106960947487,0.742470870634762,1.51261392444109,-0.831785183499094,-1.09880813167186,0.923146382603522,-0.18333221465095,0.67316604358245,0.8714002940493,1.5599134799306,0.18716522147415,0.260268950056774,0.901767610660787,1.35928851189949,0.116133583143566,0.527971049420829,-0.191446212666137,-0.140817201188661,-0.329281141652141,-0.731476139884166,-1.66221988326304,0.643079979104161,0.887764322972051,0.866557105343972,0.60424487678211,-0.246430971260399,-0.468705434708438,0.760080420293418
1.04763468674255,1.09861349311027,0.31883790702047,-0.551594254176677,-0.193583047622684,-0.231762154764941,-1.00409136780887,-0.0254448909489653,-1.26239979603305,0.607921135992789,-1.18440328766943,0.800076869822755,0.00447221856853203,0.399034110239528,-1.87940668346212,0.133017816136312,-0.484654520554723,2.18316782667004,0.486426812419586,-0.939341239971056,1.24693893833471,1.74689488011061,0.32525758242734,0.876279653801243,0.386221053789893,0.00925126018418077,0.779219057356466,0.62412677574225,0.0363201594541013,0.573279361999408,0.978863705767323,-0.141275836818388,0.66881261244295,0.606385465449217,0.583066396046969,-1.08907541207322,1.34358960643139,-1.01058082882623,2.01007513499119,0.0118716440509868,0.549565588394218,-0.624149909943647,0.967278654529711,-1.97604829668866,0.619137606601588,0.796325165450189,-0.0334304538658461,0.66113716778417,-0.71590897677466,-1.48147155281302,-0.367985534052645,0.61393903334071,0.201254636758048,-1.04177944199851,-0.761704966499374,0.588873880754092,1.39091310996635,-0.52808889496153,0.330228138556599,0.24868329342441,0.348435537367787,0.786773058332488,0.79978314790142,-0.950170727677254,1.04146153166373,1.39261941513526,-0.897538635387984,2.68237577044383,0.461938264495172,-0.0718606122364041,-0.0593228414623985,0.570686868884048,-0.122094783859864,1.39295227854042,-0.812725807133684,-1.34970437529962,-0.301099063162957,-1.14938178805769,-0.174955145542089,-2.20683249586959,-0.11243425608731,-0.666359379536652,1.4284406114367,1.02573568028688,-0.381406669923767,0.118774418480154,1.71918218589131,1.60319985111421,0.477147309855953,0.616794827645555,0.665691108522809,-0.749439257741966,-1.85159094018224,1.52832365139302,0.600368828084462,0.519823280066736,1.11733692803318,-2.17211500433054,-0.63312095583655,1.45714215124251,-0.502824137931883,0.438720458647053,0.0467612736580501,-0.679740972456763,-0.223094228481393,-0.702276826745601,1.06939500797484,1.27571595359762,-1.59965034307259,-0.323935229978669,-0.0915678508861283,-0.110185420953622,1.01550143676714,-0.626590203835626,0.531750861584291,0.598495252978996,-0.152486937898033,1.05530609965476,1.42775272404776,0.0264775275040238,2.47001064765281,0.341436576511176,-0.453807262973745,1.42067472045977,-1.89938205228402,-0.0105806828444985,-0.546638096132673,-0.590945807548886,-0.496892782272131,-1.69369610791905,-0.441722152264442,2.71193336819448,-1.39579379927834,0.564787135201752,-0.0346534254257711,0.579447841493061,-1.06734586507864,0.332327052495495,-0.0841586016087158,-0.664329823050682,2.65471841053314,0.346173421639036,-0.777040665989116,0.625669392895155,2.2532083323819,-0.701757323186896,-0.242379068316434,1.61310887268209,1.19287464891129,-1.50261461357168,-0.158433059299621,0.943600308008601,0.747233134008276,2.49199018044909,-0.0724090574339761,-0.625692910492292,-0.817472034071995,-0.248818646488343,-0.691795738981599,0.23620241773491,1.09338059267567,-2.1194017861147,0.0924670477888288,0.54867489395902,1.09844745522886,-1.65766857687176,1.02138109261395,2.29257854633005
0.720680003140993,0.335491275042908,-0.643702469946036,0.440559021782924,-0.656489678258442,0.170768408230181,0.529701509824821,0.972972383071904,0.624772119300535,-0.402038004420191,1.89176361700832,0.350603538763418,0.350026690305346,2.29116231843211,0.301444802579053,-0.866363927713742,1.27622697223732,2.04464962667607,1.93171408885125,0.708585451837644,1.75362711907776,0.398551309522045,1.08949855544223,0.344754242500232,0.601094613851287,1.59603811471114,0.669512110115325,0.631268040233284,0.109718202014072,0.140503893496582,0.758980892174455,-0.446905464242546,0.761320434229757,-0.0481164064307712,0.870917957486959,0.371260998678515,-1.31808650171604,0.808073622875652,1.16700893274085,-1.10939700995281,1.10155182029375,0.0144651426609415,0.974791241311196,2.0333690596333,-0.0450613097110291,1.41234118563412,0.495346772933804,-0.586137614022733,0.668253298490028,0.370180220672568,0.00958702318788651,-0.289616835086809,0.0900071037467696,0.602843185182134,0.130797945147067,1.22199691268794,0.967936051087837,0.603729178601054,1.55168612322014,-0.0170342395465413,0.369571833222436,0.460341943204207,0.946486568845102,-0.31099019811219,0.353508045991229,1.03287211061066,0.870281057090142,-0.267791249716913,0.787973462676405,0.575694465099641,1.44369492783084,1.62823648986125,1.13073698851506,1.3325380079654,0.788336103212888,0.0351228570287051,0.181476521577011,0.740440301636681,0.941846416338776,1.55912371291458,1.31808659595317,1.41992179569678,1.3272245969807,1.38140425269825,-1.0467876005569,0.435173302449668,0.646954836191791,0.340037050908859,0.828217905142966,0.853335258880699,0.668724910617433,-0.321839365594638,-0.364091187235412,0.170482073572306,0.198227986594726,0.975476338054164,0.634214963760613,1.28306716631044,1.10696907164765,0.466717744153351,0.925871463478243,-0.156534877832128,0.137527340189362,0.0470872277857411,1.32557776811195,0.19292752390384,1.50767955058395,0.724551882707865,0.307239831480229,0.839763960723891,0.226890740060705,0.445392533717263,0.342294413311753,0.999482834725496,0.986371699923841,0.59699929690014,0.796434278833978,1.34973635514953,-0.533051426785468,1.42761504568234,1.25528994665176,0.673894935038504,0.774403501386103,1.38278095047277,0.161486791641868,0.502739583668644,-0.942141892695108,0.362134701698268,1.48098222964473,1.05726032016153,1.15798674078378,0.419466789985591,-0.504280728941379,1.01455017984667,0.576294265326992,0.156741082700725,0.642032693731777,1.03091941045913,-0.283673994158368,0.283829732676151,0.838706317715471,0.0506465832333473,0.537718470211867,0.230744607883953,0.518051801664592,0.883299624240308,0.323533149731605,0.576576001789459,1.24235284246655,1.80144833324654,2.04847645468014,1.02273900696177,-0.110234316728773,1.62833225470263,0.622717942359553,0.321526947554574,0.434392230068499,-0.275198753245875,0.696727122690706,0.92571099753819,0.716758441047757,0.217859783340201,0.652228306805799,1.51202725153831,0.0928104956984466,-0.541486543381563,0.373204181288551,1.14685044471754
1.100905892486,-0.063615857368326,0.460941055783653,0.507677818045154,0.325557468342796,-0.566442159000898,0.521760454844516,0.715005392402425,0.50624372726634,0.558775899400774,0.0421150635213395,0.236975098089416,0.41952764196039,-0.232175963434962,-0.113885156146341,0.201054660518545,-0.80464253751737,1.01231966344875,0.238347779124358,0.797552268844373,0.89493049201838,0.557370586554925,-0.868189831521017,0.199010587074662,0.117816860934175,0.577505259209106,-0.175582267737465,-0.0390305381308272,0.459405431412656,0.760129323279592,0.11496578133104,-0.647415263721009,-0.269070972981308,0.552432683292429,0.84001089116691,0.989756846053369,0.461597460031329,-1.06838668357885,0.429590837576211,1.30683602638445,0.530189232585668,0.41773414281068,-0.592423510579704,-0.487368460553124,-0.287270130178764,0.830292852616948,0.842329903345874,-0.394975495573521,0.847822849282222,0.674097607754781,0.435740743836375,1.3262494421648,0.594608939587668,0.994622902497741,-0.258007026231353,-0.414325155533149,1.1018755388977,0.468066383526471,-0.151718276060809,0.362207787850793,-0.0839111806990758,0.250876256683333,0.529597440004543,0.173717154355228,1.44409476356639,0.270769665554551,1.13454518160689,0.137447107495719,1.31269169927736,0.771244800689583,0.20500193573987,-0.382157458715133,0.751137714509802,0.892203811971899,1.02359434267367,-0.0622117393326781,-0.120819795988208,0.186317548654157,1.0584701556106,1.06545108910155,0.516606010276399,-0.489808471002618,-0.303243008756058,0.725462774911344,0.574269675002422,0.139064528781097,-1.16026774735463,0.289496286758647,-0.104271749550434,0.353290657754942,-0.125910257310579,-0.230465532084267,-0.825667466462303,0.893297837826181,2.09801771444866,0.151600104944032,0.147139936846375,1.09287013181252,0.217005919041516,-0.279553776648128,0.73244839835871,-1.56434868963995,0.802950835548603,0.498651947040688,0.447015377021774,-0.289577885888958,0.802437321503795,-0.81589106891114,0.00831213260673741,0.377671052070137,-0.087526506980973,1.30540959121302,0.505274293099257,-0.20109653427169,0.374569549742178,1.59230566520193,0.0769735172386578,-1.1158129250439,0.463782727822715,0.928234184491079,0.243205635381396,0.154974829944978,0.044042196176863,0.223380990371786,0.936213696196746,0.237261720511023,-0.992230291850705,-0.0360254733255168,1.07355255413963,0.0090351743661114,1.10713161037707,-0.202688748370027,0.459975496310443,0.0223395829309432,0.214247528264924,0.607350378176458,0.328003237399468,1.00270830110793,-0.653790784869764,-0.414160214397281,-0.112879323699837,0.578214954437644,-0.659768518438342,-0.219864050444105,-0.90492462491554,1.14628739585465,0.236148502478252,0.995175022139028,-0.747446150495508,1.02518297521644,-0.359361848442416,0.47029108990306,-0.218402969198619,-0.583970756590351,0.322196828265238,0.305814578778339,0.279422481244859,0.750486198426931,0.528282957059817,-0.512308311737253,0.549246897107585,1.26834269192838,0.323101466140706,0.13317814399046,-0.0853880659962942,0.453580013688717,0.530571283241669,0.0219035099894488
0.289812869075941,0.541418329424928,0.917308714784566,0.440240385336455,0.390441660919017,-0.479278522422972,2.61213641847789,0.705193754316512,0.550277913326949,0.297704448634189,0.833422961183034,-0.452704917781715,0.232730026923417,1.54308202261677,0.913876104483937,0.508352230814812,1.30378186913016,0.561690632464235,-1.04021638193254,1.03569748759689,1.33605702689936,1.34209929399753,-0.577062870127889,1.22642649928669,1.70931817996993,-0.356920596028199,0.0972331129568796,-0.101736213650045,-0.715205578866468,1.72140939440778,1.78264106782994,0.391409618344735,0.257504050026297,0.619931760658197,0.462849544556838,1.40249866548353,0.507798795788876,1.89575334010265,1.16713977107916,3.168364825433,-0.85275588699613,1.1938055911372,1.84550438996595,1.42971054274171,0.445241017908895,-0.895562366620717,1.36226360510118,0.411838280008129,1.58346078404614,0.937686597453487,0.819893274286748,1.42779880384394,-0.275444071109924,-0.297717813865878,0.741340066903577,0.329397888379698,0.314081538366146,0.555934054335141,-0.668816038234583,1.30529848573187,1.16843733930906,1.30688895108632,1.71240567286652,0.420194707317816,1.48997226940852,0.895537214652777,0.754830755509528,-0.0243681816463776,-0.189311964911619,-0.297950390121796,2.35924243679356,-0.352322020946723,0.686590664880364,-0.23091558861456,2.64196589505814,0.656454125931223,-1.00839323820533,0.885912989292756,0.17575146254332,1.64454942485214,0.589446007130112,-0.787671955689561,0.884450334266157,1.06770191731689,-0.670907497037894,0.693185950859142,0.665981510298053,-0.56182048866541,0.635082598631684,1.16523402488128,0.629744053538601,0.279118763108081,0.650325925548253,2.59430835749244,1.76223397295464,0.759311691388719,0.0791259944985331,0.228453350133789,-0.404632306438406,1.16952901933155,1.1521839357357,2.31389888871525,0.643574953279495,1.19297269895746,-0.319058542127597,0.865018740838141,-0.94471178373411,0.564039353314926,-1.00721909741478,1.40516858600002,1.41738637430891,0.728601485335955,0.807875632755739,0.473640868776623,1.23114936627624,0.404593546549484,-0.603352016123791,1.75420261806964,0.122387776388156,0.00564735554338291,0.732024952895435,0.520432443313088,0.964033816986403,0.787941582422871,0.288253724748387,1.09516288549561,0.828870027423848,0.774356573605588,1.10437231308925,0.475397767324599,0.587783127645659,0.0676334662435465,0.945335744509293,0.782866147072006,1.71611225570881,1.54387116710054,0.40969941986403,1.41015764428737,0.120892037729408,-0.366489998173142,0.496090653979373,1.2620064161895,1.0582694448593,-0.20493349717403,0.749574142979465,-0.0317536913536851,0.753832839117281,0.125424579713012,2.01132706353454,0.922043783877854,0.237797088866502,2.48400687434196,1.07867152022198,0.554738486347652,1.40983657620859,0.600034759757227,0.319651746646931,-0.260117183354034,1.93377526905011,0.604763255875303,1.26647981279636,1.10881523987369,-0.0102776987109331,-0.232241438625299,0.742225977545944,0.0985450499740034,0.893361235799249,1.54295374222731
0.0173892422005156,0.526707785935749,0.346688422613883,0.0379719969222435,0.384374076360662,1.64180065002621,-0.00559283454686976,1.21132896019168,0.682861197724665,0.686191164591997,0.446651939283111,0.835240274679877,0.414568189156748,0.0603420782292553,0.270878122776966,0.151824198761665,0.616390312716052,-0.391426906434252,1.3573061060147,1.26237322541343,-0.369238347493233,0.284996865155075,-0.844386003203598,-0.035959913087352,-0.662320236601484,1.15599396272707,0.971188140806117,0.475543432825851,-1.08273238228866,0.0942075397399177,0.302838626376976,0.295473282184139,-0.229780955406923,0.321304638336384,0.472011631653059,0.363415016674749,0.109913957638757,-0.13508033076625,0.275680680037055,0.392064865659359,-0.120131001609014,0.287460440211804,-0.0076695534139562,-1.06966758618182,-0.840745951906668,0.975691929066985,0.537118387146927,0.684960290491899,-0.369618163028769,1.17295555291548,-0.29383981793879,0.907143386441581,0.129875465832244,0.0577225750290628,0.00420426091564241,-0.206978608217118,0.258839271586807,-0.0840689288833765,0.527750458907136,0.0353863762150212,-0.298364924440377,-0.19132769892212,0.836507252420039,0.433119906732024,-0.177517605120048,1.21491234561946,0.624052555552379,-0.00128388793233836,0.327990776297671,0.642329240494086,-0.324172094970753,0.652988481896728,0.546727546386337,0.89250790497702,0.768601802316365,-0.472528464318807,0.0322469943119117,0.0360308751642341,0.00423391439934662,0.293923135016746,-0.462448033606374,-0.462386451977715,0.0530720365804079,0.89514586304419,0.511837132581971,0.623496518241318,0.359426696407663,0.0873522798830568,0.318004752540772,0.36091284298202,-1.25860141797497,0.0335455764341394,1.71665273256544,0.642960094441075,0.657835696693485,-0.0396027542225074,0.635624367715249,-0.148214521572505,0.197278495258633,-0.514387118585305,0.31376472291124,0.183796692986745,-0.703206976718101,-0.33773493310578,0.117404617622984,-1.21781644065682,0.130222255271031,0.619480511269389,0.541939750838524,0.334632600842256,-0.799113317994058,0.798285804746474,0.0882424761296547,1.08017694857004,-0.458693472323184,0.0921843444427219,0.128113175616031,-0.000913168044738399,0.938707132285497,-1.50136197131922,-0.819754906808649,0.391545699210317,0.442399654546628,-0.0861463085193107,0.00566506391575761,1.01638631455601,1.10352357931624,0.179735693043757,-1.68257334122551,0.438433845461839,-0.214411311874894,0.415473816830726,0.609116170219214,-0.835116582813801,0.407734885440839,0.644255803634051,0.859281951621846,0.639968378443426,0.307625285636681,-0.0312689097869437,1.18669059631425,1.71234792540887,0.0227830821998489,0.627192330409523,-0.373017920794033,0.241729561175718,1.28974527645856,0.558134898737367,0.77878087437014,-0.00914604150153331,0.193078081144216,0.202599232609845,0.198498406407747,0.644810050242582,-0.0862091647503868,0.113869750735635,0.817749997880657,0.155663824548147,-1.23354910309261,1.27828137727951,-0.237423253300422,-0.107053685900898,0.868707132868824,0.29839399111738,-0.486100279604947,0.592644568368874,-0.21079654766299,0.193092811450378
-2.12971566242724,-1.08080707155674,-2.07194253683302,1.0134434481737,0.721939769294045,-0.478805097601478,-0.570215442727852,0.0230556534095301,-0.727710902270739,1.1161562324993,-0.66603979853666,-1.38390332341765,0.244337289000376,0.524727787487425,-0.569361869041679,0.613902521019359,-0.164517572887275,0.105670938511177,-0.579101409263218,1.49287285894207,-0.201757379040517,0.127996385363901,1.79272330173186,0.64204512557835,-1.06742345974726,-0.146844844702212,0.515539415957942,-0.155730085008683,0.0567578300895257,-1.46058447722712,1.11998644284324,0.15168829662057,1.13033010635902,-1.29673124101185,0.603801577267641,0.356940126299276,0.421195958063687,-0.484671479980986,1.36346995183977,-0.654448595301408,1.12335326349199,1.39514903891861,0.836118079661872,1.2931385362547,0.72583657746755,0.304094363566254,0.210953357589193,0.210609851370018,0.020658342690982,0.784200711237137,-0.314869937759971,-0.430783764868274,-0.18788676950976,0.525975143385854,-0.353815732914919,0.424612782271494,0.130375522102826,-0.918824809618603,1.22393872497886,1.35889966736941,-0.00877057018711264,-0.454997307387602,-0.544762167558166,1.49316758421131,-0.0648812010743103,-0.219386964071239,0.267035872878002,-0.300579276574068,-0.235800077211078,0.0744469856095999,0.973189216208298,0.22610165382007,-0.855507496099654,1.42722527596119,0.422509222574776,0.0116415333598494,0.96950050304789,0.812323796794976,-0.300300790535855,-0.157165870740485,1.51878153079593,-0.00123712142542448,0.0537834324131822,-1.00881598987642,0.022345182411063,1.53173691064813,-0.314084294117617,0.067462560006488,0.500266870100215,0.877548354439727,-0.896497749513571,-0.644068631083845,0.883895037107661,0.103744220138704,2.0501355948029,1.38718091025089,0.112396625847872,-0.846430303390937,0.5717535236475,0.448815405136755,-0.667486216553516,0.684577060843792,0.175704394424651,0.149212766005384,0.668833767978935,0.494065970866514,-1.48694469851472,-1.0787200064345,0.679503765143374,1.17238091601368,-0.294840772773388,0.360238963254125,0.638421373820728,1.03945325990152,-1.00685136134259,0.594543087711008,0.95667773961394,-0.794750140708888,0.953889259697803,1.46969135982433,0.939219054858759,0.26839722173871,-0.014661340223968,0.58394410087409,0.838773515636148,0.138478885981905,0.585496321525227,0.934130664158087,0.380044796061794,2.07547203012588,-0.484286649938303,0.945405514560245,-0.965534312791296,-0.526642380285131,-1.61286951953719,-0.110079223858851,-0.251835123217506,-1.36439251882723,-0.0219958789147154,0.813720735507618,-0.110365144946018,0.993324065352758,1.38193225520085,0.00672753834530096,-0.0147357440348818,0.155239391168427,-0.292390806568159,0.620110215131534,-0.201997350414905,-1.27225934420341,-1.41293594443685,0.0343312528248,1.42060075245035,1.32100393085866,0.739907275848595,-0.51071201941827,0.643655080227274,-0.980791053947125,0.441154356328503,-0.335019017702027,-0.067147119687941,-0.181293820179592,0.0399964599338642,0.12060644580958,0.559876327436961,0.41807389645364,0.244566544428336,-0.213828063603824
1.38319311503177,0.353839111483535,0.608968564459204,0.952976928888833,-0.316699207537743,-0.810496332605044,0.447687819897281,0.854736766123547,0.339164965387904,0.466707496272967,0.225202143772348,0.223816889563381,1.32204170259022,0.458329016247706,0.38065514387205,-0.328861938501542,0.665007011984909,-0.0407328294729295,-0.442400180415532,0.0982106617321847,-0.0397784264211885,0.628686174296489,-0.0806462565923898,0.176585461338862,0.796267592563733,-0.0659688702112571,-0.157664553814863,1.60065111104086,-0.931594624132215,0.814614176902485,0.460774814991598,0.911310257946105,0.489496925129433,0.851341607344285,-0.388933003527361,0.338303895210516,-0.633851466818576,1.27771905593718,0.286260518046555,0.545664096694387,0.16665252788802,0.644874023226007,0.133177369127053,0.755056623593652,1.07547513150388,-0.546294002214799,0.933955262378662,0.059100851726505,0.548941485791635,0.00657932526930355,0.768736277925852,0.793121975991016,0.956494834474059,-0.753616847361447,0.451648797133561,1.23798664589286,-0.269664899946578,0.645847229744448,0.402778091595344,0.252075318661597,0.750107612667799,0.301590000756744,0.612363935614816,0.924518050099368,0.927769498857405,0.654579138231846,-0.40709612034418,0.832427563066356,0.972136852673803,0.479105871470727,-0.0763381000734317,0.331367703013937,0.876728833366621,1.50616244197761,-0.193222972304844,-0.328700831792577,0.825266025667283,0.294394900274762,0.275370494812641,1.66744942656534,0.798669184371598,0.656891971445493,-0.135761250726739,0.0583839243688188,0.373202624858888,0.858936392616144,0.658081342436433,-0.155020062663605,-0.291837770975756,-0.501729878173203,0.231162877177821,-0.747755912556307,0.603526313398847,0.639925917653467,-0.00116900128670122,0.477984702325577,0.546073779272553,-0.0620789746991919,-0.178138413942893,-0.0608039945835113,1.1572621296279,-0.825685127021721,-0.565759579717804,0.24186381633149,-0.577326224014303,-0.199661816934334,0.268633724724939,0.714908409738222,1.42370151788679,-0.0683712920723188,-0.7171672053291,0.893302671644728,0.116230804497762,0.508520962673275,-0.213631240696877,0.753306963387978,0.227233893087892,-0.34824541841648,-1.06096839298542,-0.195698710258444,-1.10032215367439,-1.22244776718326,0.15981160067076,0.0117635561894518,0.226641642597605,0.541140985349422,0.411298275168955,-0.144557140681774,-0.0223612545057056,-0.474922643159833,0.579909342619725,0.551242809097685,0.890697950272379,0.569759030370839,-0.121587457062147,0.215042559870428,-0.375068673825314,1.37528818072461,0.343646526432702,0.674168770229002,0.190077383435028,0.280606962629312,0.641185821910764,1.60354783239122,-0.534652267068581,-1.13949265586929,1.4945552518016,-0.629205456560554,0.815916438533389,0.761646428092598,0.901602410507405,-0.320860869259776,0.153504696414677,0.0635923947881253,-0.373533464019981,-1.37022950694892,-0.181825560704465,0.251820284981211,0.249654919256073,0.340972842534541,1.12379245440694,0.691246104897398,-0.544448236848083,0.257869645732,-0.308495854334559,-0.0836172607113647,-0.298760530838782,0.14689514344866
0.48668423211265,-0.762295426846955,-0.40445339730489,-0.00398904552000762,0.238745264399698,-0.375688978523801,0.351724534363661,1.56882736026855,0.343123964751471,-0.508828965237529,0.0125473094175986,0.0449122288043528,0.628809414228161,0.0286208120043495,-0.468026865271552,1.71305071892743,-0.081962018350568,0.410594287929093,-0.605817328800546,0.00235124559713829,0.0239828581741571,-0.724917820384304,-0.379303489580153,1.16369342709543,-0.918210598495978,0.698122293295706,0.214025144445637,0.799586681865966,1.58270871829826,0.183643146239636,0.604512624360064,-0.436448798350333,0.904259063700879,-1.09991831313364,0.928320167194699,1.49239133021409,0.844315065745749,0.515899564894332,1.49120675016893,-0.395118859286175,-0.233509414796241,0.840921531135702,1.99795608530245,0.926153240468506,-1.13641589822276,0.544585823335148,1.66585035287738,-0.594801760970881,-1.03870875397339,0.203458214227762,1.42571496043945,-0.0619326642723442,0.0301964053919714,2.08216478097575,-0.756365476597238,0.0304720966679362,1.05724603545882,0.468049116780341,0.645805205092818,0.297680419311503,0.540271215268848,0.657182215458215,-0.157818072972286,0.334050453834793,0.211889988403605,1.35394511249067,1.01065918579113,0.230811398106358,1.23962490773584,1.25081911919408,0.72471646219898,1.35654975741468,-0.0905138848073223,-1.33714479984291,0.72782670653097,-0.826013198838148,-0.459252149901648,-0.559271186271227,1.24750359600325,0.378445155738485,0.91361915606005,0.812958293284733,-0.377116886617461,0.55968122118342,1.96632063081469,0.47538437508675,0.180751360224152,0.44346014341605,0.177464331487263,0.456745552678538,0.962325356581263,2.00187194455211,1.01009675736159,1.42707341637017,0.312324437049061,-0.355498348117426,-1.00417231764625,-0.0434994069542607,1.26560951367353,-1.32844644694757,0.607497699612363,-0.471215988244755,1.84126985265873,0.811313105934744,1.33209443164515,0.944003675589831,1.81053611473697,0.339001813481253,0.700351301790616,0.456798762359543,-1.39882998795271,0.146459979988584,0.7722704677453,1.37159148426922,0.438422624811558,1.0352580279528,0.221500689759191,0.632183495818613,0.392516081369814,0.41906579334886,0.607492050095161,0.459923713225291,-1.07390843279406,-1.60694129677839,0.414045759739019,0.479514877440447,0.103729005749977,0.17202080121129,1.06179830570947,0.650946022306047,0.525026163662296,0.830221601716047,0.28339225435998,1.30190289598413,-0.481151553178809,0.188677219268758,-0.712244853235822,0.2929075647141,-0.680316810187394,-1.32141983850198,2.01619770849132,-0.128114981935814,-1.28727831490739,-0.227079764112933,-0.931609495291914,-0.539316129286537,-0.239146861271177,0.51612461839757,-1.15199289688969,1.18677887722122,-0.347683654024898,-0.447993837768821,0.439923378445596,0.970470352616218,1.7924944524806,-0.137741592825954,1.0973956964503,-0.387274868291247,1.63877159759664,-0.860972962701023,0.791548216335977,2.16289466941232,1.03738219720927,0.211117964646358,1.0831314578063,-0.823432771100426,-0.294388161726273,0.45347137282233
1.22421738566168,1.91603200129322,0.750128548013619,0.58246833083591,0.105656857454941,0.762736377184538,-0.0263540909064762,0.86339894337283,-0.468589248939587,1.33598869931901,1.92546588694405,-1.23999036957856,-0.991896632977964,-0.668517974578073,-1.21067869541085,-0.993128636563659,0.794211831180084,0.0418306671669368,-0.810918014482719,0.759305046315806,-1.25370785924826,1.19816896541569,0.271731621603348,0.986543844660461,-0.828078609549115,-0.191947106923125,-0.621240953778486,1.99698084335016,-0.112214940620597,2.27171240843124,-1.422847216933,2.32522074275049,0.637978609690369,0.729755009991164,0.384859408436291,0.27713803980157,1.38915359407006,0.987037564763453,0.412975007468142,0.282893741935247,3.00887003083029,0.591512307592416,-1.21872722445682,-2.16909448973685,-0.241522423408295,-0.113823988833486,-0.357126438967727,0.354405952355323,1.06205244008621,1.1258507328582,1.07683833777541,-2.33247386328904,0.271672065622858,0.493759635733548,-1.28248837298512,-1.22477126042466,0.143373553898732,-0.894717664244836,1.55854407189,-0.686822579261129,-1.03021795120095,0.02385045617492,-0.520775860939459,0.544220776848995,1.04269760246658,-0.0189622233497407,-1.57266659295367,0.361223150444333,1.31679262463162,0.16428529933683,-0.439138977786627,1.50911735132128,-0.644054572209792,0.936797345211984,0.0509749944860782,1.44571521095018,0.899008454530939,0.437066638976699,1.10338945662581,-0.384109242402435,-0.673544376108434,-0.526738634214453,0.390160156578285,-0.63915312339069,0.411079051029765,1.15860747620015,0.47815239727349,0.632396630441932,0.657108955658802,1.80625010434135,0.609806875286144,0.70359591135173,-0.673165494432415,0.380248921839959,-0.304970261834921,0.145526881166551,2.14373422115577,2.02185082102621,0.714171491724144,-0.930612031947722,1.1267624347971,0.369826654352228,-0.427619450543456,1.05374988444675,1.00391221208346,-1.30726427136461,-0.847477710233252,0.00699313831462667,0.291631006408069,1.49048724388854,1.39814626641761,-1.19724450404944,0.740216575221966,2.51169685395911,-0.786017781617599,-0.840207204730825,0.549865378856384,0.378496376431893,1.25145785226317,-0.55036044850183,1.229146613729,0.724094976429953,0.375138290563083,-1.35612537351116,0.542480222580746,0.688757607839453,0.707286915183027,-0.694491230185811,0.973918575898348,0.532109922239061,-0.184509342866032,1.42707328942968,3.26831432624851,-2.49972992184211,-0.0408168147788442,0.982788843021831,-0.904553320509828,1.07525421083278,0.856811270949905,-1.31552825659026,0.129479719400515,0.16748560528389,-1.24558457959788,1.27326039534709,-0.686712590558998,0.323878610433036,1.21567096960085,-2.4936272135868,2.0900465601322,-1.64390442248524,-0.0748081649109596,-0.808264744435759,1.47563774279294,-0.667553682861156,-0.668128159605165,-0.228599485312102,0.820080074077649,-1.75581550330244,2.45559386692395,1.32297550443289,-1.38575782268543,-0.690125312755566,1.08397755204751,-0.282289361375546,0.0711357176513978,1.53791968428209,-1.20132471724818,-0.96195494415297
-0.800107028679268,-0.663604384479016,0.283643453924788,0.787457934903119,1.85650649287223,0.208447844553209,-0.192809792584508,0.905866709888857,-0.696341322023118,0.804445021621488,0.0277557214992424,0.0567184439747077,-0.465962702614339,0.325438844131173,-1.22171695312822,-0.544881015418876,0.254102176850334,2.25121340031242,0.20657004743632,0.459012468231805,0.0810626185934539,-1.04508190148093,0.536066486171124,-0.653129671184378,-0.761180596712952,0.777208030426219,1.13732147601709,-0.76578272692406,0.120948911119463,0.980745604208237,0.890115673165322,0.33630385854465,-0.945835468230065,0.313867469804761,1.70364827671769,1.13773476294639,-0.213456441221944,0.442086505590541,0.272899031874416,-0.129070640395566,-0.516845608668503,0.374956132836828,-0.491469110084023,-0.20927176680878,1.9980667577413,-0.0677057197665987,-0.980117980696775,-0.0720361983448464,-0.548050602254418,1.91787105815438,0.333469758084938,0.896230934523829,-0.40193504869042,1.39189084393311,1.51675217311848,-0.0899640105518604,0.156593121772602,-0.0347534350021123,-0.774922444890539,1.823417308981,-0.0755237964168213,-0.183735827065308,-0.0706935663580053,-0.281035395559088,1.2019919050342,-0.651140195778055,-0.42465188474906,2.05124957413926,-0.599764737280318,-0.099505774021669,0.602102828524976,-0.525240032683455,-0.0272436616380272,0.160258754547327,2.01536632334434,-0.261224307213383,-1.9461173997794,1.48745940059235,-1.69318227262018,1.31821574126519,-0.22136835364297,0.461034761691059,1.53462701501944,-0.777193218763625,0.439280604615996,1.47943317976817,0.999911208902701,0.898867331635403,0.00519117244566153,-0.439194364884293,0.611603234978245,1.35062750359412,-0.109586109255285,1.56886651557939,-0.323258649609716,-0.0520515586640834,2.1181434883311,1.74123721202382,2.25049864920547,0.673624027205148,2.19296247520641,0.173559490929131,0.0369704475631807,0.391022026535229,1.30538476018819,1.37518770463125,0.450673466142626,1.0679398699054,1.91276213631605,-0.233228274280849,-0.0497042305202816,-0.600431441390442,0.34326854355745,-0.393179395599157,0.368841010718578,0.776984650089166,0.84062141995216,0.503307158809199,-0.121694796246769,0.387611208780178,-0.235936881751353,-0.387625151629727,-0.480621594651439,-0.540241021668536,0.195251535501989,-0.993294806087745,-0.141171155655131,1.63547989251833,0.0827848969844219,0.677306974399182,0.288932465160952,0.6847621096641,0.35437375733663,0.937362779557259,0.419059696734916,-0.830665634975658,1.03884528678094,2.11042217992842,0.978199437709193,0.799501154482564,1.06883995376185,-1.12409628682276,0.666969815062813,2.07834474760343,0.205459027416179,0.197824536999475,1.0755723922025,1.91560935886386,1.3245086954677,1.20224265757377,1.63649087804932,0.117218605179114,2.61560399071788,0.952340573684501,0.701929699844029,0.393004070947675,-0.542387748299648,0.708496950668694,-0.416178934296215,-0.601729324257675,-0.339414034586338,1.21377039859601,-0.0195515731697222,1.29938389770217,-0.102957706356256,1.85506997293082,0.654220035886206,-0.390464894494233
0.407924653506825,1.46830830029566,0.962086939346217,0.329066814278115,0.2144745400341,0.822588218258401,0.969085249211409,-1.77409128380947,-0.531500378337258,0.699396764233876,1.13169493616648,-0.42890740786567,0.438205322238562,-0.240777469751262,-0.871256376355107,0.759745032094365,0.353610711747782,0.445089017359947,-0.363318118443809,-1.19371080261468,-1.79187087591482,-0.719216517295235,2.49593328701707,0.837421415832836,-0.0429179309568802,0.559961400944259,-0.487400718278572,0.944828950078914,0.440191177987495,-1.95559309863834,2.26689936170869,-1.11750479582245,1.78705445242978,-1.46416342443825,0.0865621546858079,1.15952088409175,0.232003608281237,-0.19168420966808,-0.770299114033342,0.1684710748616,-1.24279337003005,0.205525501942301,-0.974122154962575,0.220920470070342,-1.36246172312464,-0.578494863535933,-1.0896930764151,-1.11669641557792,0.792697386080044,0.711138601786241,0.687705489648617,0.456538143746733,-0.00942704252144383,1.73784409055757,0.262265895902134,-0.19961501900595,-2.3553297505969,1.07941295858436,-0.35910963866957,1.59895949523347,-0.29660785694938,0.824063952649167,-1.10718853487381,-1.01303792018516,-1.02425833706131,-0.00566850167387933,0.236099262502745,-1.26776819662428,0.0373455901028021,1.80466237270257,-1.79817892602585,0.0493050336705899,0.567605986198891,-2.36514007906145,1.02327887500986,0.892190011965222,0.497963191403152,1.94832856085877,-0.701972129208537,0.613412913286789,0.542431730697119,-0.752075060672287,2.14641513234386,-0.183153947903173,0.687915222034065,-1.35147421703543,0.160303269576483,0.997208880136449,0.00134331825131645,-0.350834329183913,0.0686441257757977,0.520278809498551,-0.182148371050399,0.561850101612372,-0.812804086808278,0.614190138621701,1.01827838734861,-0.954780122595744,3.25514887391564,1.20230852897847,1.51140022671101,0.903486697691277,0.301469145504987,1.23934555672983,0.965322127155557,0.0794364359107527,0.00218565769382256,1.20702090187394,-0.663788518254396,0.69806049940907,-1.07239332577104,0.171703608937393,0.462376344270756,-0.941875645516133,2.64886590625327,0.785970428769176,1.31364954250764,0.18251856067278,0.548965747877892,1.18239834827898,-0.529726413834274,0.951987257164654,-0.50334570086001,0.343786317150377,-1.21779579454043,0.679144966221907,-0.00357742095271596,1.07676153472791,1.83999820000074,-0.432663960364603,-0.708328236427324,2.9070246178112,0.377616624588154,0.42394530235643,0.695798731671445,1.49690567949763,0.158006697111177,0.957615428053448,0.118581817473864,1.69689449875775,1.51715571839169,-1.03088448296907,0.611693231681967,-0.796246442044057,0.509748841883893,1.67954447937654,-0.809361900938876,-0.144951597388238,1.1013367226773,-0.206910941730626,-0.801600603033196,0.76678864716524,2.07376355180489,0.598228077080643,0.836392761177559,0.835599390055521,0.274600645218654,0.227650603321199,0.417160288419841,-0.42955031201357,1.43890496919648,1.43469096931541,-0.612154088793389,2.12418142926055,1.73991504772686,1.57143585816512,-0.1608576234936,0.279512414995824
0.734664506944507,-0.345800994963326,0.387263830483463,0.178492340985089,1.67971508853469,1.82713365464695,0.41169298976839,1.68325160884012,2.21155530862244,0.404449790482756,1.82886857896347,1.70820311921729,0.414192260907712,1.14294785562768,0.554216993853841,1.54560435722977,0.536615999931863,-0.00962344123644787,0.227739833670409,0.646340333957068,0.520765600828715,1.21021359364043,0.951910333094597,-0.201582999567317,1.0777277009896,1.09016956058845,-0.403327779206183,0.461454056316243,1.24976358277456,1.50437769663437,0.216769413192622,0.35955818908157,0.683301686503378,0.586644509872623,1.60188440552177,0.0653294814163068,0.613825178686959,0.351370432767784,1.7770388254832,-0.0813021662882225,0.683467362032063,-0.312133256374841,-0.0691518443709196,1.29227041068345,1.21251719595135,1.60763305476065,1.16604856982095,-0.167154832204841,1.03403717616269,0.651928694070444,-0.23715596820877,0.951208904340159,-0.642519373736708,0.333354270606695,1.32937057056601,0.925595204369654,0.36730704342992,0.90147088684926,1.81294565517247,-0.302125781905129,0.143297199542238,-0.0504756103150653,0.770179688589456,1.24500696252694,-0.203268354821269,0.730768190261738,1.57871911341706,0.382593624197314,0.437620117180799,0.466386365986637,2.29638032793645,0.0867468696271765,0.488461045660393,-0.70805459142339,1.15875008282356,0.51516512244519,-0.454641654335048,-0.657233556029555,2.06358543839441,-0.0206793674835789,1.67722440972589,0.721878388472289,-0.0706713223574259,0.60561521512111,1.41952107879111,1.13868119663498,0.300037111743174,0.467395322396262,1.41876079820919,1.64854798293421,0.499495350440259,-0.0920254254270922,0.318366749096188,-0.323942918025708,0.561462109708635,0.354637713849288,0.631636869733469,-1.09769267380506,0.575537093685929,1.20113045990328,0.737383388279756,-0.193800289237253,1.67638284455606,-0.0415798645823746,1.24382301901339,-0.0173099574189185,0.467172448783437,0.2278503726766,-0.193081194959823,0.102861357356249,0.0868012951592584,0.493015742665376,1.20267339466074,0.291586152774322,0.233243022840844,0.0261331005134467,-0.710185152676618,0.386194638233546,0.285803265899294,0.442240077973382,1.62704597775902,1.53268744654901,0.982487865087049,1.46062432740903,0.587010953773156,0.534459351172107,0.266597010210812,0.577900576823797,1.28792000928603,0.135796688818357,1.2769420638429,0.963180962079503,1.39931823893206,1.08923101488617,-0.339990467279983,1.27683345076719,0.921387432376581,-0.115890767074448,0.953096186352567,-0.374254482467302,1.16574918716489,0.518496931305107,-0.455571698478478,0.65623096015876,0.590006342265915,0.0947167308899831,-0.0232135115044203,0.91880620560457,1.70325828662514,0.980744779151095,0.92030352735572,1.22432891869959,0.81820311887025,0.137688432462671,0.913485699243399,0.0869647520236237,1.4291959811257,-0.251401309214395,1.48235582009677,0.085892711549261,0.171070717693963,1.34033218152843,0.23024170776364,0.595942561135318,-0.0464828944994468,0.368369218028128,0.422126384958715,0.305919880452381
-1.12027655282354,0.12976415395194,-0.955526330426877,0.318512269791644,0.296559687012312,1.06446910897377,0.157733040073289,1.56290205962113,0.589738008932761,-0.728902733252216,0.0355740827313533,0.995422839398832,0.31940154493276,-0.327918817416194,-0.00379438024554668,0.0363347692350766,0.158013940862608,-0.469930594310657,0.679406337999089,0.161667241051289,0.38240875532253,0.554336827900741,-0.171433853855891,0.541708063023819,0.468756394793815,0.814902825065484,0.294223430514194,0.394047501727618,0.0334198701994286,-1.32233654996502,1.26341987445319,0.214538666079732,-0.259109526692119,0.46315367732594,0.688674523787555,1.16158355764339,0.970276282887863,-0.655256687030055,-0.634120116735732,0.982062014890016,-0.570942495879082,1.23187890648344,-0.46043357340413,0.968091272362344,0.527286584312131,-0.0615290165356679,-0.0129113280496939,0.285840346692234,0.446621752606887,-0.134721461620876,1.40447120897642,1.00592060892429,0.313887643825665,0.96233597883101,-0.11403861194234,0.0663905714501015,0.887407044054442,-0.220028000710512,0.933472249918662,-0.34825209118655,-0.0271496402330887,0.634965594221865,0.0933120761497641,1.08043395011338,-0.267750312876023,0.409420523799871,0.591247562589898,-0.194228500942616,-0.500414558550143,0.0885837398105655,-0.299345589545962,-0.427745441634382,0.957184178541605,0.139497925399399,0.0575365016069401,0.513218425499492,0.656715836760155,1.3163581807642,-0.370342206146719,0.0351666592504661,0.21904316496835,-0.191950780090707,1.55312877156551,0.556558144224755,1.11440002883246,0.455172049464637,0.117740930714053,-0.336751601139976,-0.0584339114992781,-0.169573690139707,-0.478875254495695,0.244848351060186,-0.290101833865442,-0.44201934265666,0.918597687917677,0.364954295604226,0.262425626164138,-0.465154671518724,0.427504482275517,1.4788162875551,-0.257193457524093,0.0380146561690232,0.749463871758251,0.0245755796086424,2.07227768591913,1.04556779139375,0.778164696712035,-0.304555044403815,0.180457084276554,-0.0244385553197474,0.125651871484507,-0.288600146167627,-0.703814703578715,-0.442802238722814,0.772429237969498,-0.432899837041579,1.35819507207925,0.463886253978877,0.440193236319409,-0.258966455773361,0.147165223508268,0.100950083065291,0.363790029897378,-0.507391071466227,-0.347169179184379,1.02823047540346,-0.241319103948459,-0.180224200559668,-0.15357548598973,0.534094124900916,-1.02826469794851,0.599982277258679,0.519009861851023,-0.568975304773459,1.66751631910678,0.658104417651003,0.0783145518509387,-0.239357696605368,0.616544622250817,0.0945472173034334,0.340922344126136,-0.361747138896319,0.905468831506365,0.374341169742068,0.102612389001383,1.28319023021953,2.13491231104849,0.606289536840182,0.452120370953689,-1.20185632021871,0.438078659425215,1.3701425480652,0.799869354762182,1.58101962177574,0.122858128725771,0.385709528712369,-0.055267760181725,0.142487138804905,-0.286469974305504,0.392634913721781,0.687498575405271,0.650773332738862,0.00538888344147737,0.285293429956003,0.660927590801249,1.25522740478684,1.15569090768816,0.50943735002286
1.54520262732355,-0.455691607434602,-0.00621358061538302,2.43811950561165,2.62363201014336,0.808606753203313,0.418464269179057,1.16560806416248,1.45946847427753,0.16072631207708,1.24855278654754,0.461597079992199,-0.0400883876784914,-0.61463921364238,-0.0279907201712096,2.0594211101252,-0.482429217542362,0.427766073797325,1.94051444114155,-0.831744953873792,0.334947113668571,0.231556439860343,1.8807625885023,-0.605895728691636,-0.0265178454692923,-0.157342637234052,0.365503031918342,-0.0571921612644397,1.27131690416124,0.207770103534316,0.511435126989373,-1.09689318522832,-0.173674286555375,1.38492415878427,-0.322547832961093,0.844256119471076,0.598434368467672,-0.111787304636392,1.16021239138732,0.758191965838138,1.38185037571816,0.300865266642547,0.896392100705991,1.48093329050915,0.905263728452169,0.600798799378461,1.40937056080073,0.649229499947638,1.49910375624148,-0.103169940491388,0.842993708959799,0.784444453664219,0.16083074750659,1.13565079318714,2.35129602216937,0.694323924883881,0.0189707987048892,0.254443225584753,-0.472330289520053,-0.01651668450693,0.0685078556437826,0.412104701022583,0.930631230213693,0.107269031481941,0.552493218913828,0.486542402803481,0.49084381500382,1.34788681511901,0.751986511254636,0.421533495837974,1.33411636441483,-0.672798384454468,0.542790928662894,0.0678210828372052,1.43019055614568,0.935877882841434,0.835024729839646,1.42366716966854,0.454566385172394,1.87739264432014,1.03140346607552,0.394237767965533,1.20639615032058,-0.0831949713045156,-0.854854374436385,-0.400742819719561,0.765739267083577,0.677247409383034,1.94936743842791,0.862415716204077,-0.188208198373157,-0.11397160074021,0.687910169683834,0.815058087866201,1.34912832812087,1.48178245260611,-0.267289169979667,-0.7051520734586,0.556243281092666,2.22642544171286,0.411742793615384,1.12707942987118,0.260910070943256,-0.0982898245414182,0.562890590237077,1.46081318640442,0.70791448236399,0.66137047018758,0.329849420406643,0.397565105367184,-0.0477043223543939,0.966375860121637,0.477347991376337,1.39287316285605,0.557303068391204,1.012585482921,0.830864471762533,0.418818179600048,0.432215064136943,0.741815654334599,0.417031088827157,0.801167993349845,0.796878002155176,1.33497221341208,-0.727722705023277,0.671985009037509,1.42859686679115,1.1305518181208,1.22929404231897,-1.40658867910866,0.317347919724784,0.849830777435147,0.06440583178693,1.23378361905037,0.745809515163301,0.202679936779897,1.3699593201209,0.67478397286875,1.01517404623881,-0.00416318186056064,0.151862641290636,0.846026262445482,1.55355905303606,2.3329357589378,1.37982653729437,0.790075366178496,1.06718775687729,-0.278551856355968,1.28147030316372,-0.226593258972436,0.381376793814872,-1.03034526685288,-0.15193721554998,0.275228027810674,-0.249193755456505,1.46061345288204,0.804550103726841,0.383867728573457,2.25216006062653,1.56504899699062,0.933898125089843,0.523060670651833,0.802307839018269,-0.523116823030205,1.88505542387707,1.74330213558859,1.2722648824438,1.03125098286567
0.818894982780128,0.616519376298969,0.211861555201128,0.455741385068115,0.429430771754265,1.44789415580702,0.117182645932465,0.332945988683973,0.125793615129977,0.454988564964197,-0.412283719758098,0.123614770282091,-0.00284349515315341,0.353945265103859,-0.199301454426421,0.250092323311631,1.5279911515407,-0.41138224233345,0.493107739011776,0.669037038431819,1.17772575858201,0.211302688620934,0.148558278672014,-0.434460908759978,-0.631718722537278,1.06198013481209,1.17214938274843,1.18708619807431,0.194474398160554,0.159974308000289,-0.0853726650117163,0.186154882888919,0.0655195058730317,0.571871109152491,0.365910038127131,0.236804765190808,-0.224683282013518,-1.16060964921232,0.745914756928949,-0.406478288858265,1.10737143301202,1.07782109344806,0.668024745230231,-0.0807918530066185,1.83637287645294,-0.708123335859911,0.668632810966788,0.081642911510042,0.405944112245188,-1.41870673165615,0.672865879485707,-0.589777127624687,-0.588438859089209,0.410107493252953,0.812497889630406,1.12095017618705,1.45062676216729,-0.606762130341619,-0.684768930211737,-0.94770536237061,0.286917216801952,0.891857556143357,1.00294654899606,-0.392960630663783,0.540979936305547,0.0837247492224943,0.695237590903772,0.0491338132157625,1.41996729712697,0.00517989890336656,0.336559768440553,-0.342572792187044,0.474007080212432,0.428521970674571,1.01384512166525,-0.125123068309997,1.64040386291523,-0.340014132618066,0.83250368532303,-0.624006837004006,0.820412575648402,0.120486655700017,1.46517360389348,0.360124960353172,-0.334631624864349,0.608407856762458,0.144230793869852,0.770465170466142,0.431832087837469,1.05859684258398,-0.330234810384408,-0.41962040857783,0.539363769588177,0.773083954134455,-0.167032435995899,0.0343063102110506,0.972882925843967,-0.275625534469898,0.788216590295397,-0.624007010141804,0.802498715487605,0.442362247203797,0.0914465202296797,1.39806687602984,-0.350001925426668,0.139017890069483,0.434267999579905,0.655273384775649,-0.25469175676083,1.11737502583436,0.699295194436149,0.0860335255299957,1.57458734064932,0.565016050157932,-0.168532304026694,-0.0305430906988324,-0.343584112161769,0.534701840338302,0.519654155175433,0.649928768812379,0.855946018196397,1.06306929609636,-0.768614900831878,0.64887453524104,-0.72740901207467,-0.0409846460699752,0.0296860537003211,0.0962341209429005,0.244481831361479,0.203524072742977,0.192540252962893,-0.573092381581077,0.426564682234868,-0.00424021241521416,0.806561168836574,0.338192917689725,2.78448382047404,-0.57993158581792,0.0697978122247351,0.687879251140145,-0.128413306021704,0.840657871052735,0.728051967077684,0.646974158182392,-0.219326713994292,1.59847217573523,1.27577328297547,0.28206213847049,0.553902494444043,0.564060686684151,0.206467468382737,-0.937172163006758,0.598993865842589,0.599786937703358,0.910914768804074,1.04237720410058,-0.147619688864335,-0.428127525902679,0.35907830226505,0.236322948752444,0.818647431598732,-0.156324882912488,-0.742920301386771,0.60383385697397,0.362389415158599,1.07249425688273,0.304098201160383,-0.667419031154233
-0.180220369840191,2.34568144520414,-0.665220020485873,0.401408172563532,0.465194711366622,-0.634379004679136,-0.852584147305486,-0.0225135985014755,-0.0496995198698373,-1.73400295073103,-0.674808751598005,0.0457811808838913,0.00899150029274248,-1.96236905260947,-0.580094076415119,-0.523629662368762,0.775435273326228,-0.153650948615036,0.429528595157029,0.181050144502163,-0.0471225923000064,0.239022658788357,1.31031466604284,-0.0813502622605559,1.92078466305749,0.295242716244944,-1.16501313608135,-0.0775272513022749,0.222209958572901,-0.207086205258009,-0.604709309165558,1.19796873639404,0.358444076187436,-0.432419272244758,-0.00279692939620912,0.09499998316036,1.10372651790745,1.18797812919423,0.978345059209183,-1.48731571977623,1.91321090061974,0.195169749019959,-0.4156008150204,-0.428323421758501,-0.580337703490347,-0.337279028676214,1.7229477526546,0.672876752656996,-0.316779196356788,-0.874260914843975,-1.07496712520773,1.40013296997381,-0.706093230231139,-0.0556835687904491,-0.570655231223463,0.555731291443267,-0.497337257559041,-0.254907638331287,1.12968513455433,-0.613575807413193,-0.677731416389225,-0.220465476347928,0.293367875617966,-0.329706822694708,-1.17975909392324,1.01255727015371,-0.516053905500198,0.237078074003491,-1.40025297316114,-0.679886065316384,-0.0228900252423131,-0.1643447192929,0.788376787589454,0.197169530026724,0.236821466217078,0.36619735780623,-1.15626132240744,-0.744189231412446,0.15289846427388,0.0693526590012029,-0.167622538044009,-0.493893645250305,-0.435321295489709,0.0401685048223076,0.403759171779959,-0.263803078095387,0.654568595644778,0.758557161672418,0.482007608637452,-0.993773852718459,-0.276228789222847,0.912156747824594,1.07411882945716,0.843725624692767,0.578384115369211,0.228751232540231,0.871649628616834,-0.619338149193509,1.50160751928515,0.801464005950664,0.952652557578733,0.645761197825121,0.077875876663529,-0.843280846415189,1.3654519877098,-0.257798739532458,0.484311939502961,-0.795576260349338,-0.560630114687086,0.012309525367999,-0.682734373358884,0.116419764662768,0.664906198279225,0.662622122735861,1.43499017064725,0.979694687086821,0.572620880272178,-0.146476434105968,0.00879909768011583,-0.278124388910459,2.02540595650839,-0.706176986496575,-0.522877330304427,0.542852762518617,1.31187695390353,-0.611731999614097,1.30009505201448,0.16015695293965,-0.153764827516984,-0.570946683358927,1.93104591126197,-0.326631917420485,0.0404046981107097,-0.251360327502651,-0.418401192073895,0.0639158574201716,-0.237184102598142,0.896675189611129,-0.753427976738062,-0.296273425431672,-0.740994238393189,0.445795196529704,-0.194488701675643,-0.70520676750654,1.16248367717261,0.00706879715912062,-0.467381081526409,-1.0483087942896,0.495399400696282,0.514587645134358,0.357799688194381,0.0179396768702793,-0.294386731680747,0.068353929571667,1.03283575593106,0.0563207366401563,2.03835558978123,-0.0517597608767288,0.785979588420628,0.814619342852969,-0.300036657985821,0.560019388812059,-0.00663186345088648,1.21809517868419,0.680410432203289,0.398082606853533,0.354868263391886,-0.204480777696828
-0.911376968692031,0.75701467383791,0.877951668622465,0.96779673186605,0.726810062095311,-0.319117066610011,0.720147953176231,-0.185751387390274,0.593274842451113,-1.0087418061112,-0.445942792870258,-0.363459302738986,0.634566774453051,0.441265066764144,-0.32284440121608,0.0253925863950171,0.977275339605833,0.540107023135221,-0.11757319173568,1.54156294931048,0.483663488660678,0.767286618032076,-0.714603667798177,0.413273740341826,0.0586120556952637,1.10509916890275,0.90614130437908,-0.420411491877901,0.519739521501394,-1.11741008504349,1.17662532155275,0.892705539545583,0.712803137820918,0.410485535191889,0.0842368247362397,-0.20736141951353,-0.654911624169552,1.17476701636881,-0.00388031520033305,-0.132911294089188,-0.264140816784145,-0.246415074779605,-0.0631130983491383,0.379109448850764,0.92814842960925,0.224585311880982,0.284791052139779,0.107046977319405,-0.460095274626641,0.254831058103697,-0.836097711995664,0.0560913770517185,0.437655659175338,0.0473282411305976,0.613575792981468,2.20216619897874,-0.0562513165603746,-0.0843309066277705,0.710513306770102,1.51992514095291,1.48858885265356,0.523778293943096,-0.193161958279884,0.463831812835588,-0.060432797086389,1.05707143490368,0.00488059103267829,-0.672562480055914,0.644169597722713,0.314279575113121,-0.184426818358176,0.0116322467962697,1.01060938303687,-0.574276844710786,-0.647203871799802,-0.206983700774748,0.0425348832558587,0.25112272452761,-0.39407750013902,0.137088258103653,-0.58248273690344,-0.73812866340073,-0.877305226023934,-0.465988813530251,-0.157657123461513,1.37166301722585,1.17654502198237,1.75167075199487,0.406416701700497,0.424731227967578,0.726209243298463,-0.420677352039198,0.431586811488184,-0.55764646576051,0.871575332905311,0.953736513166426,0.28556848695008,1.29558750476517,-0.854780300998793,0.111062011428919,0.207746277679719,-0.590273360148382,0.151484161724527,-0.148701033500448,-0.293673045886401,0.465567026670219,0.75279721134953,0.633372131703785,0.37594179440093,-0.00902421465036546,1.73309195293747,1.25105219155103,-0.982322681904976,-0.945419519863042,0.598618484090619,-0.0742237997967621,0.478292568143751,0.534315138911058,0.199167222288956,0.548883576726246,0.688425424809096,0.673155133694859,-0.167667383149966,0.649861926321458,-0.362535055901581,-0.30415296290979,1.12121706648879,0.047473638740695,0.366000737016682,0.0121351491643667,0.0177459500541022,0.170714932462884,-0.0919436450863068,0.260541429876872,-0.635198724599842,1.17030327072132,0.907031342757999,-1.17662537568992,1.36531744242931,-0.117276432024911,0.0701152062099349,1.48404884993362,-0.324426684908785,0.984507248173502,-0.843917602284553,-0.509282146367518,1.42228065640375,0.0205857123207789,1.13932774143493,-0.426106182572666,0.131378639718675,0.343775733250961,1.2272604411767,-0.301061356611102,0.155179503812106,0.635256847973096,-0.098371668225987,0.123132676369813,-0.209356188766605,0.143148420052127,0.0755403013068219,-0.051631643321857,0.307086077277747,-0.287392532262806,-0.496747779229621,0.81995500826568,0.0646493761063101,-0.0595395846892682
0.270520937501988,-0.543223263984233,0.251868076999532,2.0619375148997,1.80114990219422,1.3587732146595,1.13359055596207,0.482254781752966,0.0232624443494322,0.990132704687859,2.09635000004969,0.601092107395164,-0.0730111948248618,-1.03769764923585,-0.577377293792932,1.93323240123787,-0.529061784736381,0.109701155324596,0.303740634406641,0.227226251882929,1.22829772445521,1.10730196570909,0.506157999395718,1.10321149039636,1.0100333696555,-0.321767486610615,0.0798816975002787,-0.0379938905454017,-0.146831844268376,-0.0739452513468405,0.601439432557184,-0.451780442706536,0.0299772491609956,1.22791435710248,1.08519235900253,0.833376440841104,1.08319917679627,1.90095130203852,0.92292837647724,1.46854653160077,0.700846913027416,1.30675368481662,0.239277430824295,0.51779976909911,0.202873424880494,1.09042420181114,1.11742275764387,-0.0297600411637644,1.33008833042834,1.38017092556698,-0.925275708251151,-0.797159583178258,0.680527556293156,0.189305648439789,0.70615973989832,-2.01750682844233,-0.216548831355392,1.38603987110725,-2.21505049591661,0.742314977125778,0.366267898801864,-0.200739211975211,0.959486771870701,-0.266627943462162,-0.79244034762867,0.520245412501486,0.217279273924725,0.876966619014293,0.114976244590345,1.16504661543163,0.227486741787523,1.05417759629662,0.564984139897411,-1.28248525434617,0.319684226677462,0.30285447781268,2.18239251419907,0.725775257144268,-0.736008073512642,0.35983217520174,0.0444385762572124,-0.139562507331434,-0.815048114257235,1.32031655121695,-1.2660909532291,0.273132198456824,1.78166021425772,-0.532742945863595,-0.18267977578636,0.0644674081427137,1.9753858881446,0.920975106914342,0.703056344075819,1.5844710638415,-0.746548301673211,0.398754081781816,0.223916073802475,-0.725937196775187,0.55134690036703,1.08981458975576,0.49757322914443,0.72585955193363,0.696953726129042,0.573887280966579,0.447166583899849,0.970383642012548,1.06942162568342,0.968518858569908,0.335325432022475,0.342726427562524,0.0495356236314583,0.563604251531528,-1.08867852381359,0.629513181947618,1.83740542114172,-0.889925904006271,-0.607907933374308,0.921012142054461,1.11137086841122,0.183405217243841,0.00216057175011036,-0.387198787319857,-0.406544134285695,1.23306153953956,0.372544455217357,-0.222832339229694,-0.559436979347364,1.08519800289074,0.021595853614001,0.737883566222609,0.124344740070602,1.38032571769828,0.655233566150067,-1.80321464743734,-0.93421839200907,-0.765250684185256,-0.904199071606527,0.28487690869087,0.882356238441804,1.20573637371508,1.69073489215208,-0.843847530750589,0.234627464416328,0.397599751146864,1.31014457185971,0.615951081262574,0.252195579871472,-0.0406071452189438,0.420279846269944,0.502570195661064,0.193992245367445,0.449198274098524,0.242488407556805,-0.407947088228513,0.752103831099906,0.772706954649484,1.22647683097046,2.36544363231529,0.0826524961632909,2.72227319244831,-0.416075264457171,0.610896383863264,0.643340995622715,0.81968000353001,1.57063728169449,1.96543079706803,-0.369750981115469,0.0598562314159783
2.09393100304715,1.17981762444181,0.0076001054643709,1.17771040404523,1.10396778600486,0.83254566506662,0.613773584892618,-1.17540258239245,1.31437588006787,0.193013480505391,2.45142163277094,0.64168089556143,-1.16756921117182,1.11796694011365,0.481990572997456,-0.0923502911093837,2.10622416800624,1.60152300831309,1.01786252554287,-0.0130567671233272,-1.44876922894711,0.266987157418548,-1.16822483305867,1.90618119387196,-1.40800754524763,-0.0695012652982504,-1.4755918014873,-0.316467133375816,-1.70620779258906,-1.55912853318344,-1.24362768496974,3.74324784108175,-0.613745718002071,-1.27059728216102,0.871218903948407,-0.362258487016092,-0.139946365538978,1.14107153495922,0.955381059571859,-1.11336728838094,0.73380562021061,1.18461614040106,1.10698540563265,1.26352346917562,0.699552636317474,-0.206806485269719,-0.764337122310543,-1.12378818993819,-1.15954358970866,0.469244531409392,1.03603394340624,-1.73526384891228,1.06009162689581,-0.24063447395334,1.51983104060256,-1.77912248149344,0.202855430416883,1.19549593722764,-0.00831425155864506,0.887065975051311,1.744157066507,0.525408134217903,1.50706089777484,0.0565295178830099,-0.506912480457819,0.752000910146111,0.496427857658448,1.23304347559638,-0.0582923580864782,-2.51809684823622,-0.070679725749712,0.00364150826230868,0.418216073984685,-2.0269576185482,0.595127567215817,-0.076690619401285,1.74952959731002,1.32637401797345,0.541882929887519,0.30088006802488,0.652309372424087,-1.06507462325256,-0.990936340871063,-0.275836144792842,1.23391202036233,-0.681959365950917,-0.463649323197421,0.394811943851227,-1.03107470432544,-1.36709604803507,0.595756160055602,0.18395354544307,-1.19087994176483,0.852954623092061,1.93943993276293,0.0200411589235222,-1.84798736988682,1.21262191996832,-1.42267471906885,-1.5394359169045,-0.692220715794369,0.474782822403557,1.99184768668024,-1.73729029650216,1.22268977385118,2.31749205330137,0.311396462040897,0.869974298561625,-0.6973876614755,-0.060885804380732,0.427191593604301,1.36911546045193,0.0982905574364005,-1.03400942581932,1.42462175760667,-0.741744243405351,1.86214177805985,1.15479164246224,0.973080548234101,-0.360867976832414,0.261290624933965,0.981246858051397,0.0698200759943151,1.51207017589558,-0.396852265757767,-0.977405506128216,0.457492215208346,1.34273442028715,0.0870185757486419,0.815142620163519,1.40712092454251,1.50299540377739,0.585294938962231,-0.982386506724983,2.03345887033844,0.77165318244175,1.49348029890149,-2.66438540078698,-0.661264876923174,0.523271586148515,2.43432167517643,0.0830183251826716,-0.121824472391889,-1.43684416357465,0.756042664712595,-0.968288260979655,0.398372280465655,0.516931541374999,0.275055477805688,1.0755475374927,1.25752863298115,1.76451130927441,-0.724366582332696,0.941849770022495,-0.154749026787294,0.405465505642591,1.22524248819007,1.0432791542594,0.165056238221337,-1.40952307973284,-0.961505898094154,0.847412522437342,-0.321787315528987,-0.398739433899249,-0.512439224457636,0.534147393606098,-1.01342070011471,0.649265995627908
1.43934723879858,0.915766973220827,0.790215322770708,0.244976426609984,-0.143428945806619,0.256096766313095,-0.480114189480441,0.454288523929398,1.10356657324526,0.535462614121634,0.740189905899224,-0.514950781888051,0.841644313399424,0.253984190949683,0.899947598917879,-0.392989108775795,-0.163633241606716,1.86872497639692,0.265527142815427,1.14443100832941,2.12726510267136,0.237810711408564,-0.374631515856665,-0.74005564535624,-1.02265451608781,1.06045516462132,-0.195374129821532,-1.28311898619383,0.393613491547163,0.651054027692814,1.42976537954403,0.0966590731753595,0.189532814818067,0.436805807457485,1.63559314311309,0.594709246449371,0.198061202561306,0.377691518388207,0.313070648697938,0.826503053171847,0.0692214265349257,-1.67323755186313,0.880477307193475,-0.0485599126244561,1.04930510431015,-0.63391949821384,-0.690518970025045,-0.190661198122126,1.15074496144607,1.07304431127411,-0.912798736670067,-0.888686730204207,-0.000299764764312704,-0.707539635917984,1.29501910095899,0.778824441202757,-0.250047091832642,0.290178634334991,0.0202992410012986,-0.210685110213216,-0.114395446864359,1.68627124456473,0.574859675363344,-0.301132124885742,-1.66791927116673,0.146928907668451,-0.119307477992392,0.681478783075488,-0.00358322487003632,-0.160761310142555,-0.684227461284587,-0.364475355014902,-0.184926728867719,0.565086298450438,2.3422794077754,-0.242347938554864,-0.0281220527602851,1.17437388664831,1.00053024094325,0.576230035808424,-0.257537279273954,-1.11451854129607,0.563852910445065,-1.3443224694417,0.048407734660974,1.19175287018318,-0.0557575915834144,0.54774894792344,-0.279075118294056,1.51122779508023,1.09611081376702,-1.60730567362095,2.06722231447425,0.455770919008099,0.564871093473909,1.52635161173043,-0.0238574078962446,0.425130015697397,1.26388234248583,-0.346099573219166,-0.0578994807978049,0.294030119076983,0.2197322003236,0.671777051439383,0.422611085390507,0.629596410438412,2.86573459956691,0.0179413179912928,1.61132633083301,0.918740651926749,0.579716607287133,0.917425891501896,-0.26299892783583,-0.452343385626055,-0.0900549908404168,0.814469381614993,-0.528718559254103,-0.0802876248563959,-0.280939600531627,0.296410149155387,0.584495198746257,-0.104646580294081,0.230121879105858,0.148654789718165,-0.793047428019153,0.892520644493241,-0.0810310222102497,0.849386984033308,-0.682728006367238,0.895525555481435,-0.709964909173433,-0.240330721498146,0.315552036102832,0.676218389372548,1.3692016104495,0.804000688741824,0.919817592949867,-0.120046600332827,-0.337015412567807,-0.469445153960564,2.63863374525754,0.205658606209817,-0.425500688513043,0.0861881095058618,1.22188432769286,-0.454286374794429,1.90376835054055,-0.435175498166265,0.970754906366785,0.323223328722216,0.111325614407256,-1.40358403033741,1.18624030875918,-1.28151591682766,-0.574171554177038,-0.0841109838183001,1.37569145079514,-0.388679259341121,0.436726673544879,0.600823930186598,-0.0282588561500472,-0.272792535014359,-0.0445330506744251,0.337871949294108,0.35699197156905,1.08022541110749,0.450938049030293,0.365629294968512
-0.0905619758171631,-0.122547428745895,0.0244239812829796,-0.0668185920927823,0.676259757146597,-0.421240539459386,-1.05150732907851,0.0126482324254835,-2.68366952197222,0.248873995274872,-0.031660941480838,1.85417951086039,0.374507554409146,-0.536963646992668,1.39588449190577,1.89645363174429,0.441638780170298,-0.128904175589382,0.709780136345508,-0.951197158481873,-0.532984081371037,0.120000431040319,1.41099260682876,-0.690264473345327,-1.24678899494462,-0.29707041378996,0.181938614734226,2.89380204767912,0.220004834034821,-0.308653533627043,0.0389770382080709,0.693467429208059,-0.51641155253461,2.48990791940559,-0.279507479497628,-0.113685827366893,-0.466730465268033,-0.210037474972947,-0.490814521156333,-1.16109344809346,0.352166931063361,1.46724372566799,-1.13842166618436,0.391838046222272,1.15696524087433,-0.315618857761636,1.01400760507672,1.24761810375975,-0.158732993831228,1.16134874827064,0.885793327939566,0.801006525594259,-0.455338083519912,-0.451439199959881,1.61669191553642,0.0581329886799462,1.38664612506561,-0.988719363563313,-0.407074094944079,1.5178928086606,-0.735759655252626,2.13909044022595,0.799865120530999,-1.07102476302238,-1.03186909720899,0.709794903728851,0.568003773280292,-0.0991108274594163,-0.402664110815582,0.366984828908553,0.136964959003834,-0.132103419065599,-0.310963747384484,1.14091273156144,0.883403360573076,-0.611081835685784,-0.788509663761602,1.45291334184919,-0.973533344609851,0.801723475934845,0.440063966016317,0.835269184454774,1.04799216875998,-0.748989406866906,0.466923534075271,0.315864410013511,0.869139616944266,-0.176839814142198,-0.315092253180352,0.171012129275652,0.304178980845349,-0.0429877106377441,0.690317350602238,1.30817835349042,-0.0588431080386757,0.173173423330264,-0.0717715233554811,0.207237984235976,-0.135381343023347,0.0394668831546821,0.0105108298044098,-0.567132589267698,1.98144004429419,1.51476794754996,0.187068687557563,0.860845195118153,0.260127903468615,-0.626338977268998,-0.609193264578439,1.5668951818791,-0.0138556692932423,0.390277512047854,-1.30922255853112,1.14535406347796,0.797596405820025,-0.23584935553599,-0.154902832640474,-0.205781834314154,-0.131229434704066,1.8831551493132,0.599298821334258,-1.69303143099777,0.952091888097923,-1.26869623288202,0.605234666258971,0.637609047099792,0.706042556253297,1.54835445993175,-1.06130718017568,0.390905703434594,1.14186099199908,-0.536541244271178,-0.140100135561324,0.900820387800533,1.60378340377149,2.06997968604445,-0.11835064947311,1.54383219816136,-0.188473007517344,0.199727093876704,-1.04705212347167,-0.104234206243772,-0.0534782952916334,0.986686572040095,0.701566201540813,-0.238484952842785,-0.361464644522759,0.560707698600722,-0.327420297665858,-0.253805983269384,-1.64899335118968,-0.550240107277502,0.89488665732155,0.828994678224361,-0.857870887203221,0.0519057522613925,0.684976051539803,0.269091879287832,1.05561825700578,-0.668144408663067,-0.199536646890596,1.00432421884724,0.540222537585684,0.217804853039416,-1.82066881675192,-1.38173089285105,1.69221432031132,-0.723463774300027
0.556731911385466,0.850113628891251,1.02686095665895,0.567005217981155,0.241985292321038,0.338356239000514,1.13835185975585,0.526941359438556,0.893120627954557,0.468204116342226,-0.0110204348502121,1.38394358099649,0.557888176226287,0.879468468061566,-0.465541159760293,1.28085070269991,0.520849813239356,-0.0679748475374926,0.970680555432509,1.14787915187568,-0.578696170212873,1.13488957856621,-0.560694562275408,1.45284211738621,0.52266453921633,-0.941157396527983,1.79999790156477,0.857800758841877,1.31105368787758,0.912572920939488,-0.329125489341229,0.0114463842361944,0.333329519077074,0.345858763662639,0.0968437746533475,0.966631725093646,1.18137733656992,1.25822013138428,-0.524370751564134,0.845923217789685,1.4562442527526,0.823404928946589,0.168384274047751,0.570995511690237,0.360897031134029,-0.316190960523887,0.0615372586538158,-0.179784048254101,0.670443204992804,0.433644929270567,0.952435185941149,0.43981933270643,0.0112485940033229,0.654364036677059,0.997419068595945,1.47456475251028,-1.45672047844908,0.522331882822149,0.722507934898003,-0.0236795942229974,2.57572941538901,1.4438248966104,-0.155415034567344,0.78113254098969,0.628785199696522,0.13065377039326,0.91135662067607,0.738051459714448,-0.188587464827212,-0.510710496132582,1.25557820576965,0.0589662573942471,-0.35598257157179,1.17371096788745,-0.457035807364414,1.23983540535069,-0.214015944203616,0.631234800995415,0.682125502255109,0.671595768213127,0.948939004067003,0.260484930661462,-0.0478014507717333,1.5141348816863,1.60837611298121,1.09522907632813,1.80619317643421,2.04447902279032,1.49602677412114,-0.913683388924167,-0.174999448554003,0.0227379283347233,1.86942719206286,-0.27113116905836,0.686137164844501,0.308770247285356,1.30530690985066,0.741659257078955,-0.683031293166941,1.51532722414608,1.32330850639054,-0.997266705817147,0.872395100201681,0.0846252462693714,0.983024437104331,-0.0865634425236366,-1.33315976392583,-0.635220442735989,0.766435301646521,0.966308873527521,1.06470808241707,-1.01796648561557,0.256976972982993,0.721911076652418,0.955725067121701,2.15595467941246,0.128540685892749,0.333033579511837,1.72437230257621,0.47558945476638,1.19461253537895,0.982835660073327,0.366623449175658,1.74690843567512,0.698559685776647,-1.43559433103133,0.530776383538986,0.0118502249079282,0.465886600247769,0.379518236337354,1.5914820701708,0.539727641495283,-0.114648875882022,0.295107427774184,1.27635957683608,0.619314230352242,0.497846751670372,0.631446275813255,0.482539963201347,0.421274810831141,-0.104289310849083,0.335290157535101,0.552843401459209,0.495223582272419,-0.450519654936828,0.881419162594451,0.786309146150464,-0.0507607251523119,0.49227026709624,1.05266024312537,0.183842512968785,-0.138944668120753,-0.362160911359417,0.400452662442344,0.642089290816076,0.239732158811715,0.872636946636028,0.744792350205128,0.751937491617792,-1.05351383844447,0.266007981137072,0.377200812531772,-0.61963643730438,0.442002833384858,0.454304581188011,-0.755638284614661,0.100848195373635,0.592113270427743
0.242691138299904,-0.953905832989279,1.06897263329757,-0.162715391040894,0.860876204249336,0.147982594063138,0.789647955230251,-0.902544893555718,0.0682764227783471,0.659852740257744,1.78781558755476,1.46788266399077,1.34498139993533,0.0113961387023862,0.913542143007549,0.742664968968147,-0.574414643674907,0.486401240594421,0.293444638681849,0.647480211046109,1.42319464564677,0.126168136117972,0.468912264890465,0.49827988302991,-0.068584878353551,0.324940831989863,0.24311902973405,0.828442215218318,-0.51846553206967,1.76217252641708,0.683571559831102,-0.886250304718653,-0.00017679896969075,0.86664105197309,-0.729996345820815,1.47686341596667,0.0814034584462754,0.442072073977301,-0.729452406042385,-0.541087557398885,-0.795725301793179,0.922545118401898,0.340722884748734,-0.264591117629187,1.37405309711242,1.73091407556557,-0.47840994220593,-0.504332533070841,-0.0732614192971246,-0.3239571364837,-0.109786540996349,-0.545523661461049,0.953109888783652,-0.90626384524314,0.250720127357344,-0.105451898287918,-1.05125772870884,-0.225746626861229,-0.898574878391038,1.31032130574796,0.768635609269225,1.24410986006462,-0.838295670578922,1.10084686935076,-0.0470555799769667,0.271398753281089,0.454493717052709,-1.03633626592859,0.490817005812629,-0.123627449936854,0.572909547504586,-0.0929054831655604,-0.895576694542072,1.26617422814396,0.822376728561942,-0.698451898995592,-0.249780640629568,0.407411842383653,-0.498698700854801,-0.207885879461216,0.220251558830934,0.19912669012721,0.569186153636637,0.567611918514296,-0.420160301190694,1.06308661755961,0.93244256795674,1.76731851770999,0.149739973743455,0.487722347318505,0.0412472165254514,0.29189100095761,0.298878598044518,0.0297863199674169,0.355225495603825,0.0861393392385456,1.04661194700034,0.00824999059514125,1.02499966266092,0.266949263834934,0.863145534040112,0.0502793912570346,-0.238974605993663,-0.375655689383713,0.349963963268693,1.00411284816789,-0.954702311824493,0.766595385489487,0.117283410442592,-0.356657493707704,0.192882450685491,0.136922781819055,-0.662933409764988,1.74168008746039,0.363601724497815,-0.00485504240459333,0.128896318449801,0.13524400117982,0.602515929518662,-0.45936332055546,-0.143241513455779,0.509521344551871,-0.186696990037356,-1.50813275860774,-0.78465428542084,-0.348730959640383,-0.0468952895943668,-0.368301176861443,-0.804562560620317,0.754646078257197,0.0838159811886562,-0.98813684409919,0.277276599498549,-0.156175815578571,-0.0741436918702889,0.135904263498353,0.311095404635973,0.871995550038281,-0.0863603622499339,-0.458154961029757,0.272033902997595,0.0763248254306954,-0.363469367839025,0.910353128295199,0.618460600753325,-0.0128849509242503,-0.307063232896423,-0.658122399370491,-0.02645791511141,0.675837954493733,0.513389995082037,0.252342467336104,0.308986986182494,-0.0547658383281165,0.260354491531223,0.480657032887044,0.36072894391081,0.285093650573266,-0.0156100476223913,0.545667914713731,-0.050901058112862,-0.485406383819214,0.144610636593531,-0.356138903717142,-0.0948225552190775,0.926678879793353,-0.152209125492841,-0.182014082181587
0.13935008696554,0.372455428218287,1.27895783158285,-0.51409665615215,-0.00157016272458965,0.350940173273105,0.014933515621141,0.278471177639091,-1.02673502041353,1.22608377969069,0.580515681645015,-0.696430364753735,2.05589716750602,0.653647099401605,1.32070801896716,0.0901860230795369,1.22211088765413,0.599402879066224,0.716101867087046,1.63350331039876,-0.71687402995497,0.692102728750717,0.441453722554215,-0.43176388548883,1.82973523073628,0.883436226300075,0.484446924280346,1.41976942770297,0.519650469482689,0.528401908069813,0.0494325578894079,0.488152454963044,-0.314725951803328,1.85701554289272,0.829009631891821,1.24927223510302,1.69018268541461,0.99303780441918,1.31279298248918,0.607329473715567,0.781260055652959,1.6415452911099,1.35233930584809,0.561602910300402,1.72551753422964,-0.11847862071676,1.78619278027563,-0.500579952937473,0.642796972057031,-0.0221549869025994,0.421586712845121,1.3307520496478,1.38597481116522,0.147704283235017,1.46536180175472,0.731261463371941,0.292043062383821,0.351992194379846,0.946313817119714,0.602682833913167,0.697884525677463,0.138282225307388,0.79479368310658,-0.400750259859236,0.682001407002192,0.913654922275879,0.241489192201305,3.00073209027738,1.35847762932929,0.28901257315746,-0.108720054125428,0.891029410936069,-0.128622064864389,0.678609994633108,0.629979989937628,0.101361501498191,-0.481907156225108,1.59823503499754,0.661774750759815,0.797684159797212,2.28635616831553,0.452310538858099,-0.281872001669203,0.194075725276474,0.632839734966897,0.754839223318076,-0.0837948898075207,1.16714437188982,-0.0551793720048944,0.500517736933176,1.09096981842071,0.605305908423027,0.542051663653125,1.9070220885192,-0.369390978757869,1.8855159124563,1.1666398002722,-0.335957764051691,0.163727056412167,1.36286490535273,2.16764241957044,1.44480254764669,1.18893175116359,0.54333245356432,-0.314666828194416,0.444713457499386,1.15872790416875,0.382697561644374,1.85768618284474,1.16041766179578,0.701979267415893,-0.0508948987542219,0.898072538335553,0.0974505649744496,-0.509925532474588,0.156539754537621,0.606429160121396,-0.43867158747927,0.914807373454076,0.396223277268534,1.64053421409047,0.810236726204942,1.39232134414995,0.850250140020241,1.22482555806318,0.359644261645849,-0.262579995596255,0.686343993895422,0.638904943039329,0.967930436667978,1.57914493652233,0.587174419624031,-1.38926901801011,0.862602004999994,-0.077546403972563,0.106465424881526,-0.775679416107547,-0.212147754907148,1.3120107179401,-0.141972170374834,1.52162685601344,0.0368917605595867,0.516049665946306,0.146016484345504,0.997227342093071,0.210941203653039,-1.01810048006153,2.53436774882849,0.404088025326256,0.677981564399654,0.878309441911328,1.15859948449688,1.07918352701183,0.150666384371051,0.129405805339335,-1.04876020589724,0.215125191727004,-0.466058736092204,-0.0584431435452494,-0.219388463607595,0.254861938487675,-0.353887466788365,0.665791446887469,1.43575024728548,1.64201157736048,0.779566699151133,0.92221538123943,1.44775982388325
0.770592783714275,0.94487544383668,-0.63470167707886,-0.354469508333445,-0.105114741088782,-0.651870416639287,0.450140013856008,0.731600172446023,0.354098958754452,0.381069604058189,0.214458152503149,0.81288132802679,-0.0995035715099308,-0.1728943752209,0.0068890466045467,1.0050085514559,1.17256322910011,-0.371877329240545,0.795967875262053,1.32858728071415,0.861461672601496,-0.109835299633894,-0.520724752655107,0.773554385030609,0.241019468991708,0.558930387486788,1.13128904377008,-0.139189188169678,-0.810641414860443,0.391833856978145,0.406244738435453,-0.208645370002191,0.842604356628243,0.07065740706012,-0.86176400083386,0.667045151772539,0.206333823912382,0.48359360832068,1.24547531001393,-0.536137601395841,0.770028672450815,0.740599470891712,0.637432340687504,0.0151863340207488,0.768638888098289,0.657205386349989,0.947762765532506,-0.211606780392779,1.28465119260434,-0.0853974298501791,0.454273264949113,0.964871183537434,0.237324152527511,-0.524678872113926,-0.289021206093352,0.839262530301059,-0.0542174273469188,0.850294097701471,-0.528692556229829,0.301727790940204,-0.0888113171635289,0.171075529336664,-0.105361910230939,-0.0998391852027615,0.12500004552389,0.552458641296751,0.623218653831075,0.752488314942243,0.685674495133209,0.548990403509649,0.385003799314564,-0.43074929449684,0.704775490394951,0.574964024693963,0.230782210410633,-0.328443049622893,0.123698037297716,-0.104983803827741,-1.42844465098251,0.141688215081805,-1.13937607067415,0.521648151128172,0.0113197489535832,0.735958440472075,0.984400555034407,-0.304697802706573,-0.411449708034979,-0.322218891233835,0.202259931744869,0.578529540172541,-0.221176775489278,0.828174507498882,0.0714710345005916,0.226423615695695,0.514054401875601,-0.0628293834845646,2.21148768252041,0.421383142723474,0.369404783313879,1.79684466488133,-0.359180196308266,-0.342477683589281,0.439440252265289,0.712777490510735,-0.233080149671553,0.4009069211566,1.43324653602572,-0.612436307132702,-0.319403541370977,0.573561567935713,-0.319450295649326,0.307099465773645,-0.110024912251345,0.508147200907026,0.81693294154865,0.720479910166132,1.17782603074499,0.19852818196937,-0.139727109953221,0.0708243657597656,0.664570778188202,0.470240840650447,-0.325018973493806,-1.00235877111582,-0.282661897556533,-0.222259028881576,-1.1135058650783,-0.702359687950068,1.08956603338622,0.851678484507677,0.458772928127024,0.802454973622813,-0.772482626580866,-0.442074123278712,-1.51227176401107,0.758284971024904,0.908128143440738,0.923443644066212,-0.0575054497134683,-0.238418438373499,0.178311567755296,0.431812086447504,-0.0226006463829855,-0.582030499103673,0.335256716122138,0.93676111692202,-0.566945713343148,0.501620221528379,0.106413252314298,0.606180913854058,0.299300587628374,0.0930233940915867,0.0246133454433802,0.0130616008149868,0.210320075295538,0.577087871973272,-0.429459641566775,0.24604713619676,1.46987058228476,0.478055372061838,-1.15454122638925,-0.0319036127814708,0.58923687767293,-0.0551823746231859,0.0624224032919407,0.882338291474931,-0.366462554703344,0.249770798208563
0.0970039394355528,0.764004238281703,-1.60661644692359,-0.883472156206979,-0.0348376631067867,0.190808217989267,0.329785882608697,0.617546490765177,-0.639143305230003,0.400587370417221,0.4514190996123,-0.359902663217008,0.369468036747045,0.708281456772089,0.254031536899468,0.650006853866604,-1.07315954804885,1.19088147724914,1.17259882466598,-0.100732931520003,0.319101295341798,-0.242452400155871,-0.0468679542604192,-0.477565945341951,1.63174243218657,-0.416812726950375,-0.575462162479985,-0.18429108842464,0.10810790929749,-0.167731067520993,0.56971424711018,0.047349475941338,-0.234750117211993,0.830155721510374,0.275497194662787,-0.435861837434621,1.17513441076873,-0.138922414030442,-0.259215423079078,0.892087631848002,-0.977927256638555,1.2769892821658,-1.37145744781683,0.136164541293281,0.694507393554791,-0.0332060897218329,0.578372214531104,0.529152550015116,-0.0963763534736344,1.06152181157278,0.18550575447066,-0.0925293617497589,0.837678090187518,0.458562319250555,1.69490086542637,1.20597306303211,0.172585444695545,1.38667104809323,-0.976075546322053,0.457140145836965,0.415039235333133,-0.242521883005299,0.0710306063698088,0.938356476704424,-1.30314300219566,-2.22804278256998,0.477128776855495,-0.565910390770833,-0.443803996220543,-0.209024415632538,0.614078129188983,1.74582994935959,0.135847286257548,-0.441819458767562,1.38301976340882,-0.251526056130678,0.325534629180445,1.01611437019033,-0.570252797373805,0.377442392975737,0.78196158247472,0.231751380118157,0.380940337784196,-0.316263616802321,1.44052460251802,-0.455545908791162,0.488900264077584,0.373023386738063,0.379793664504614,-0.857818849403966,0.935085905694614,0.603047701422816,-0.985610316552733,-0.0483592211661752,-0.670108082806735,1.07390908179152,-0.526790470995786,-0.584256152965276,0.16239818152874,-0.10485156517724,-0.00452452491288374,-0.901097939878427,-0.412135332129026,-0.776865561472097,0.309126547469803,-0.855586422292084,-1.25617270468874,0.647417553916549,-0.138154104694796,0.733110371572786,0.411742930767757,1.05247772284755,-0.594795787869876,0.657215709320188,1.33872558276438,0.215557271867243,0.900852005874992,0.344658545318446,-0.790453161343031,-1.00548050097582,0.868097640018868,1.14936522080967,-0.290737920363595,-0.642066700610612,1.45517940417261,2.06896789133763,0.592832755999364,-0.476442076423964,-0.208379479844652,-0.0356871834130618,-0.833596351094193,-0.160928792181263,0.763388966306077,-0.894479689080254,-0.367041581955399,-0.898935997608716,-0.59286315582604,0.185339184682441,0.487112208846127,-0.263835461177154,0.941327868932191,0.250877604878013,0.720744181555083,0.538272709323397,-0.53953959239521,0.911379742646759,-0.971469756442667,0.615000138216645,-0.169774248352297,-0.901281769848964,0.124513406634028,-0.371457724793094,0.678784770003618,-1.01851443515222,0.365543701730936,0.219781427238102,-0.112167981601592,-0.785664106199902,-0.5548142278657,-0.455829755837068,0.230473223710675,0.308904071638089,0.123104617238134,0.594469304225457,0.0289755556157687,0.195592918845499,1.21254809620508,-0.1213052892216
-0.65697183589102,0.945285178350737,0.65436411860703,0.0637590556425612,-0.815417199930592,1.07881272151232,0.310311178869852,0.612431807406923,0.738461298027549,0.870454259115323,1.82051060552166,0.106108971241096,-0.211441935544909,-0.546079285777522,0.00812046460147997,-0.33111448138733,-0.106950258640407,0.0742362302348979,-0.267268486736385,1.59950238272584,0.630124577238677,0.557719763072542,0.12530442234864,0.278389644599561,0.631170096676859,0.6873333446233,0.00466226995452784,-0.176608751208603,0.0211732265868726,-0.347073750403463,-0.252456234496846,1.55741683091078,-0.701046063621956,-0.0098146149845858,-0.0957261092422029,0.453196657253852,0.277486510381887,0.867470555877505,0.186261760726132,-0.0606657803066549,0.309333081140878,0.677763433094671,-0.541146916777783,-0.521048332652387,0.460335001656591,0.647595723634393,-1.4257716189211,0.86599557496248,-0.185439301398636,-0.678909730173195,0.0135758451279347,0.337709326542917,0.222378260823783,0.834125655446157,0.684363441431461,0.0408503506896902,0.48642341771918,0.036102505514168,-0.695055705236907,0.744701492715203,-0.28952434841681,0.453805564414789,1.29956650726486,1.19687835053381,-0.0280689499613597,0.0179694189635322,0.695366274515291,0.502599466516818,0.402644953349732,1.23202606393054,0.510742515379766,-0.444225273115712,-0.302493549591122,1.68020289273329,-0.806579173761554,0.669637448778136,1.79068902156967,-0.458235075891456,0.161088080394978,-0.519707817594922,0.429295346031718,-0.0537007690930867,0.525957283592394,0.901762250474202,0.580407692655466,-0.433062622135536,1.04462214458668,-0.170762963038279,-0.645137332073618,0.0641887866032467,-0.0501627295447797,-0.995686226855036,0.513316642457214,-0.144122543292687,-0.583345512616498,0.283548835263733,1.04882483386196,1.33045553657608,-0.620179370700702,-0.972159771380575,0.100337411943265,0.298934639972996,0.890074092284044,1.2580906446741,0.124737435907179,0.119769364481175,-0.490630700171296,0.911196352321807,0.743452427311965,0.721894063385609,0.581499820163032,-0.582983972559613,0.225833180419018,1.11277349927674,0.428972580306993,0.262294633673806,0.216136012295779,1.02574607650092,0.201935074729422,0.331740623915754,1.17795967000394,1.02828535156812,0.600662367652136,0.750126982353944,-0.170177020566529,1.24928902636581,-0.577940960282596,0.465655479981276,0.197367989469326,0.541467314973797,0.22929567044167,0.722855926064683,-0.828886062487563,1.04423428610116,-0.187734855058809,2.20660442336823,-0.0167639977334131,0.892032739908585,0.201402713056267,0.540545666484267,-0.0341026436029106,-1.06350596628806,1.03325832169344,0.103266210155849,0.128921608701394,0.282155483979619,-0.661063479254378,0.640976371377017,-0.103167892390172,0.0110417872290981,0.0562890482301696,0.883539329776688,-0.62605879756338,0.583751724987657,0.77245490992883,0.0703588018010757,0.244880386161951,1.94487905137556,0.549610096362387,0.957343674545189,0.550160651649419,0.356348026131611,0.506408131397917,0.612300317676887,-0.201158331488729,-7.23749187933054e-05,-0.237875318204603,-0.268405917585247
-0.109890527906927,0.138476454055117,0.659195050485291,0.439456163500362,0.0631325372657037,-0.891298534173783,0.208097128611213,0.455904353914627,-0.700085542438379,0.0422081020464211,1.31511993059942,1.62956420292561,0.871416518606452,-0.0525389361838219,-0.187712127316523,-0.221867008526186,1.1499734210477,0.143090267782727,-1.05727460542783,-0.809768120151357,0.026719446915165,0.0771835927591497,-0.0160410071904943,-0.857609273513975,0.620169940520713,0.207888152822018,-0.727326786289201,0.713806417594171,0.0186028760785583,0.593596679316003,-0.442505968205664,2.41499212098979,1.0166253709311,0.715566318099089,1.02969024810035,0.808974234574031,0.801388440316709,-0.0753477993609187,-0.0340975133728029,-0.10853082025166,1.15664084389558,-0.199431604483831,0.218509623842908,0.765989440535882,0.291066757538625,0.550801565838611,0.0114657214158029,-0.499702451163414,0.0281981719880847,0.0582923072098468,-0.263338609718387,1.28059779666501,0.616639652127528,1.19592275778899,-0.122449888028854,0.769552736483767,0.38188997966619,1.28995797609498,-0.32265525364958,0.286684283861521,-0.309589507565222,-0.195031949754447,0.633120348154532,-0.675548414715631,1.69107476558029,0.540747920606231,0.271114440676652,-0.48042764387094,1.40740200097575,0.982558712395034,-0.255209625956414,-1.01591319403632,0.812588057958739,0.654387073177701,0.312984599809471,-0.976107605206374,1.27103350451349,-0.917342604419818,0.741624187827106,-0.197470197747011,0.0297278952553839,-0.797682572088188,-0.00966191080412993,-0.340070234425722,0.870785310241585,-0.323956250874761,0.994345124929655,0.261209421980476,0.318672683278813,0.636761612688742,-0.810450399216783,0.0457110973159942,-0.942902940694932,0.716375046273953,-1.11373958748242,-0.500281223086245,-0.458007182344584,-0.272379413141791,0.304380343723334,-0.576320503913528,1.05203502210265,1.41812524870854,-0.406842758954499,0.0655283178172126,0.460706913482246,-0.0885862472241289,0.85019584309611,1.55702748392025,-0.392176746137181,0.79883232331983,0.877443084623071,2.13278606013275,0.496606118106763,0.0988075028345992,1.20272658237822,0.569444317073151,0.710027144519046,1.92414894743619,0.137005928994581,-0.157287482807904,-0.744703036019286,-0.557934575558093,-0.267534217585135,-0.874310439061488,1.1853996144813,-1.48187795471277,0.179265391806751,0.380931122631656,-0.456584561060126,0.427945752357638,-0.133579868879476,0.847447117994197,-0.0169295879089505,-0.25831761888609,0.544073843314892,0.693519567288005,-0.405492591642787,0.170102576489894,-0.552433498677021,-0.357461978430766,1.17964982140335,0.307620969765402,-1.45344186430028,-0.283393968660902,0.244045170631381,0.561638612399706,1.13536861500842,0.423995956051721,1.21512343220522,1.18692081184919,1.01302757703069,1.2714716817722,-0.01444155166019,1.36562389329081,0.362523187426334,0.0860071448279501,-0.519281059193576,-0.488593347981224,0.834083713887783,0.968917319286444,0.432404376437855,0.78368915584381,0.499642940033021,-1.82227179382484,-0.544953686250408,0.189106144314729,-0.0600129235062098,-0.788274238271687
0.559132443696268,-0.131620368883779,0.562860010625556,1.04900339031561,0.0463757686623966,-1.32771567639791,-0.71692126782808,-2.27238895138423,-1.71721303036264,1.35412951345085,0.899761081285127,-1.46608297317196,0.299662261460842,1.22766317892985,-1.23869766243731,0.954060720408504,-0.0757743644887934,-2.57961547040315,1.25068963818441,0.161252222487155,-0.28923418366945,1.60621362843809,2.23164352441795,1.69638128145171,2.25095288422359,2.13682147055861,1.15809401228643,0.21283981049797,1.76724594223033,1.62942724359162,1.81524184089241,0.746679399573794,-1.13000091773904,-0.0506094879596832,-1.29949086118012,1.42278571664471,2.38610467993407,2.03388130773741,0.529387368396928,0.806046549999199,-0.27512870451141,0.83652112468309,2.17106609276565,-0.00983000511368504,0.365082776243977,-0.514704990447158,-0.216305730595597,0.140633654810592,-1.04970397495481,-1.16905533306795,0.924504729966938,-0.874437262296344,-1.14514277243066,3.71245049616629,1.70168240025764,1.77104944778479,-2.02793262090801,-0.367335968822082,-0.896338411715956,0.100321288227372,-1.57977226282072,-0.938998951799344,0.322310637845274,2.68381328173373,1.13168900790938,1.01187004060781,-0.221398516328141,-0.863400289010786,1.46696956946707,0.0201742543300791,-1.17647438196538,-0.794164429657826,1.92108605080934,-0.303418638425769,-0.696253210826014,-0.928046158213777,-0.0904494213899947,-1.5761580075406,-0.710364154175687,0.494512167680758,0.308039808077888,-0.0927353165229843,0.873180605497962,-0.264139655444362,0.370457294962817,-2.05240099783293,-0.12664649306362,-1.85456610967889,-0.20846879297833,0.895929812889467,0.946790776472259,-1.76545257140243,1.08810043872137,-1.00781483982884,1.37540753211627,-0.346272588795795,0.960025684329934,0.0919264682139988,-0.840807191924582,0.809725184962164,0.780946567469594,-0.629080825687358,0.979804794666734,0.126992919050521,2.5741039215829,-1.1931015663201,-1.33279229842183,-1.12872324811317,0.332537472897605,0.902863434295414,0.960932247450463,0.294646930939419,-1.82209896795516,0.731365100292007,0.246427060249418,0.748387797428909,0.852655413931302,2.31205324870525,-0.0200263148961032,-0.0552662732847731,-0.974573997822889,0.855858273806128,0.131226180366126,1.47304540481138,1.8496460125281,0.546782188157758,-1.61181688430447,-0.976214519077515,-0.232088838972985,0.423930397752875,-1.06409457443112,1.11817903310166,0.973053242053081,1.77784730643215,-0.143802494181673,0.397891258491459,0.344692441390906,-1.00293978771664,-1.83063256210711,0.8075150760027,0.0897497673983789,0.578122361350011,-0.0428222156195743,0.110091948666172,-0.21992647083403,0.778814695825189,0.0703848392288084,0.109528444190844,-0.388890409652683,1.66537360093801,-2.32867522400213,-0.702090014935166,-1.91108114838599,1.95499124210988,1.31957135247377,-0.674731548776996,1.38986830132469,2.26404307113688,0.599808009840684,1.74097351971164,0.133303615504508,-0.937639235829784,1.1047625834712,-0.722061828904696,-1.37364168857521,-0.815391264284908,0.216949281749386,-0.224220409650669
1.59522845926266,-0.602823089909105,1.26136465070977,1.69918447902028,-0.391415286671953,-0.223994714610346,-0.763036401279216,0.168781339507477,1.00975469872775,0.294102509663577,-1.02950030461031,0.793138479541298,0.599273067767569,0.234293259074184,-0.255672779059922,0.0532481866232724,-1.24619527760493,0.843078796718407,0.157009816091029,0.0180052796217254,-0.379152001954007,0.415720618826006,-0.373628341824611,0.237796478448693,0.217203488266072,-0.00843030001179912,-1.63902805516159,-0.250301052443589,1.11391508542996,0.282104025178745,-0.762186537520491,0.617158718047778,0.13502300060832,1.22983807660741,0.0585878439096112,1.09322729397218,1.84475356382088,0.245873212293775,0.418228893401142,0.93647030571606,1.40393260061974,1.67097317582936,-1.25063748989541,0.220701081408881,2.06747717936912,-0.387849127135184,-1.46643540232176,0.635116231578229,-0.797468759127886,-0.731474549943672,-0.134192764045571,0.395848743962143,1.25452846946602,-0.143014492391445,0.687575803538486,1.25189211523034,-0.219881313322492,1.10053532664802,-0.98765080220625,0.952542968997424,0.280948795719809,-0.266358035696307,-0.517407089484695,-1.01494473118384,0.493576467276798,-0.336225918086379,0.940937217883658,1.17398116427171,-1.18843881700295,0.324420991945744,1.80975492372424,1.86514609323611,0.545097489254226,-0.0827151051691793,-0.192614127120763,-0.126361399333263,-0.0787454608233437,0.38503983378842,-0.586689101304018,-0.374812956480515,-0.390552597879555,0.87630689766476,1.79086015796772,0.474109957820485,-0.0153806618807739,-0.564163504238258,0.926999483827476,-0.149801450795337,-1.26873243697446,-0.304604384812833,0.756996677964355,-0.309528110671843,0.535273542206716,0.241633912550012,-0.501390879583831,0.272340790913471,0.647996620911587,1.48579379346612,-0.135052130684344,-0.227464674443042,-0.00279502731173503,1.42636792593774,0.10028411737225,0.685174255074293,-0.760142563614155,0.385906952612493,0.257475800718889,1.55454163483822,0.340673305609809,-0.866467958589159,0.606642921462722,1.35481094121239,0.954442917653206,1.59661948342522,0.82198370441342,-0.470727699889733,-0.26243648758005,0.126774969353179,1.92708569006898,0.572314077839112,0.443936589267973,0.296868530739094,1.03632959736657,1.49531942832748,1.34071535820044,0.694687746910548,0.776130527480503,0.00815330787048668,0.292894257797798,0.605870723541706,0.862476756437296,-0.408361711526644,1.19413111833577,-0.173901847436528,0.84488174179716,1.74570642315417,-0.235500089769233,0.20891510128703,-0.40056428485294,-0.774743741927131,2.85582371314121,-0.0725461506180118,1.65121117539935,0.79870335572685,-1.1847817695894,0.724946905709452,1.00665594376626,-0.466023217636982,0.673360772971946,0.177019971320806,0.806592935585607,0.538399212917807,0.742284358614638,-1.11422801192607,0.0867855786496565,0.56518145474048,-1.02717263016032,1.59555658014186,0.190164438387428,0.184034291571705,1.40491720372575,-0.221727008020784,-0.812291385903197,2.35808476862198,-1.51385430629792,0.541808244113462,-0.875416667281429,0.841362349842598
0.672405520527101,-0.62467439582015,-0.907297919151023,0.326847937433754,1.48295719922412,0.252253317089016,0.490317906585434,-0.430902300199137,1.23540721495711,0.108216307927549,0.267256121389442,1.99176336432025,-0.107022738921194,-0.735179006585024,0.207422656642912,0.426877436474189,2.39859910932301,0.819136424155519,-0.355210533877325,-0.294539558709978,0.380396175110832,0.0249369558870859,0.0414575904205812,0.570905299189531,-1.28690875632823,-0.645370200406643,0.884275837279465,3.06463998358866,0.00804037761169529,0.68213651756002,-0.233312726559747,0.203129934087197,1.64435224607106,1.74576836283842,-2.02476742259799,1.71567102115062,-0.381538121503598,0.285454938545254,0.833444624036271,0.0860966058617301,-0.401053546505656,-0.581935902237193,0.044839456852395,0.511759084575066,0.669369185846194,-0.301046304870986,-0.191002137073922,0.409888208355959,2.60988983638873,0.25166146483507,0.19736977856985,0.593726186715046,0.480988052794889,0.418680670261477,-0.576597029720794,-0.150062457097484,-0.446050674815662,0.823444158094938,0.532300779174963,3.283173288252,-0.208446566513578,0.351654648634423,1.12229359941809,1.23612534104788,1.40181891678639,-1.01060501526538,0.886509387151964,-1.05508994387361,-0.520981439460381,0.281702612515499,1.40388505621013,0.054036071799729,-0.141953270071124,0.894594039586072,0.611577094878135,0.0400788999603084,-0.533703798327479,-0.986823137171243,1.37980254018692,-0.162020925496306,0.920452402429214,0.161576233403134,-1.24567809759564,-0.884502224056444,0.73856136028581,-0.434774979926431,0.330867212627266,-0.00212927301529775,1.38370670287326,0.0318265029242722,1.13999985987803,0.948770804226681,0.594309111690232,0.774172083644987,-0.216972401758996,-0.0142766727257664,-0.724488884371701,1.49428066917962,-0.379693350754185,1.23833946956061,1.52418219648144,-0.501431287725334,0.674385749971996,-0.402208701702509,-0.417600252106932,-1.84671964004179,-0.0364621158112879,-1.79028112339001,0.669834235904342,1.16973271946918,-0.652500243655584,-0.196179139503129,-1.05151761752348,-0.14225491484488,0.173318436828755,0.0263666778378762,1.30821686416455,2.72754826118015,-0.588943551250856,-0.0579089651269164,-0.624015336709871,-0.651195609380058,1.80347824425733,-0.451044296239629,1.54369681599813,0.287198793403341,-0.0846686193882683,0.641052718205442,-0.142749930993145,-0.403547636847576,-0.362265919922886,1.46003306027345,1.1334042166211,0.480131953038515,1.08285281406677,0.0538025932856686,-0.916204608677383,0.395102491588125,1.36137989281414,-0.0482549359348365,-1.23098841927332,0.647825856387687,0.588993530541376,-0.0173563289471167,-1.33944511260722,1.32303279709006,0.330090613831541,0.434019296093016,0.2928535216451,-0.00978385996520087,-0.364829763127958,0.993393904340905,0.754461401554227,1.03790765483527,0.000103434888916676,2.65375594868561,0.242772453118996,0.604775962259083,0.617810612637547,0.107801781141699,1.43135544838045,0.992237106545159,-0.411132483709619,-0.478342425517293,0.036741408375152,0.217575077134877,-1.00303767007121,-0.853395240317836
1.02163908363801,1.12556466731718,1.33966347357106,1.05378478312727,0.883787565325188,0.73609997678671,0.417153590689736,0.128400930584284,1.93341748005794,0.310623769792627,2.02283773805906,1.61516470489973,0.645598788040625,1.71409984340533,1.27995284795573,0.667495713371096,1.37741000024216,-0.691877901008408,0.635019407046154,-0.385118123199273,0.28928511341929,0.376921524107477,-1.2620361473122,0.534070617223624,-0.960387624990597,1.73318378608849,-0.855503916261999,0.348880787789418,0.177217072360769,0.22158561959115,1.5692338288558,0.38083376326933,-0.284539262613496,-0.175001164514525,-0.063448291506742,0.338597350545719,1.32685352317288,-0.630415172496181,1.64749748552303,0.787960441861373,0.153140230465707,1.05870652538654,2.12873547215699,0.535206429858998,-0.0384461418037484,1.24848585914399,0.803858008310343,0.167202384479629,0.110970572503116,-0.063660452397749,0.866604533815088,0.759885881308824,2.12546578566835,-0.590857568949175,0.788519586107254,0.404798294396637,0.22144020284256,2.47503894660643,-0.0175608162338944,0.558381819777414,0.808148663613239,-0.500472096837084,0.0088182890493661,0.294475161785959,0.156300512523399,0.680146112121505,1.16881196103782,0.936050576744176,1.0841522877015,1.12570260490941,1.5728244864381,1.39607642261181,-0.0869510983037134,0.681772710593197,0.155007803546191,1.39636666769311,0.888488185422125,2.02428740200518,1.05220022213489,0.224335079588437,-0.383915465636439,0.574103137725871,0.117430935805832,0.728999981804054,0.70352437871873,0.431419511402965,0.0758543962307889,-0.0657651975325985,-0.290290249756711,-0.233075080121792,1.19602839812189,1.24208422751311,-0.025776006884678,0.0336005309661617,1.26654123278692,-0.059664716824626,0.598826084447406,1.62473624715798,1.44435365495559,0.316658459470285,0.474607900972719,1.28187001119061,0.293650623261116,0.643885622770811,0.667204562408751,-0.801250433229169,1.22812676097817,-0.332339952884387,1.79471895657101,-0.512202678075617,0.346833746459567,0.499663237425086,-0.301665418553854,0.112743134477877,0.520437425353384,0.800805665674102,-0.304958139044141,0.747194546578662,-0.980842043562845,0.0182206734385113,0.542487308886535,0.863440430474941,-0.170815613525353,0.774755543829611,1.58111210783094,2.0381428495452,0.039412432619011,0.92892382027269,0.398217855180725,1.16082439036138,2.08075723677884,0.598624400785342,0.245511108910622,-0.178352802188653,1.40293365888283,1.55159452460043,0.218685138124316,0.873351735164036,1.08390593056099,0.880867800489768,0.553084885020877,1.12534079305023,1.20473957038993,-0.145329214018375,0.154404454777725,0.817236248846201,1.77837282007275,0.150636502799583,1.24581414707382,-0.0146521171425618,-0.137650559420986,0.883436169818869,0.918847738735915,-0.312415416297259,-0.205346983801347,0.13901377740435,1.83588920051767,0.758899958000557,0.608262374322988,-0.674710771119949,-0.237235945580981,0.214813888898291,0.669701785311279,2.10376178796571,0.753347749463561,0.498042092601634,1.73681808447255,-0.322241836994227
1.19718645311357,0.645288811104164,0.184733595703021,0.622040944399516,-0.975619241203972,-0.456465879715783,-0.298154688100865,0.540899408489886,0.536872280846719,-0.460112625003636,1.48777652674154,1.45844190092542,0.456487743785942,0.863970133705539,0.606732763510109,-0.942425977294263,-0.35069798304203,-0.339886498018906,-0.0203496833457902,0.0626237875513375,1.47481475095213,-0.157833149466855,1.01843801084808,0.527815856140225,0.423596720331691,-0.698608981309319,-0.0961913960049711,-0.543564651055999,-0.120942762474849,0.11758810150288,0.890177789085118,0.0093688722934871,0.0237686173232791,1.38526106489594,1.54922476099473,0.568690127015175,1.33073616054196,0.541443113070446,-0.131891719179018,0.55755254173297,0.286679877143122,0.887066332194103,0.620219324763304,0.23900707351946,-0.242296627088291,1.14087520031698,0.209348113667288,-0.518039567274243,0.106280868064613,-0.201207691270947,0.703492877664037,0.906779454527934,0.332125086851124,0.342752838332665,0.0334197388712658,1.28108623617429,-0.530882130261114,1.31301290941579,-0.080707293131294,0.392639423488746,1.01346981235086,0.18179535937243,0.326040996449426,0.244489809880989,0.648999349433841,0.181548749790456,0.222830019303764,0.404762315118402,0.491965376517289,-1.02831105446579,0.396016397090578,1.38864439802243,0.796706223727057,0.96905086565967,0.396195166329599,-0.165237588773556,-0.186140286481254,0.659614195351053,-0.957368924307382,1.44914156742441,-0.10007283185752,1.15948527887226,0.602650563830424,1.09371236244173,-0.261104541227278,1.30037672673781,0.130914014840301,0.32405280430667,0.647749239410073,-0.2506556932471,1.17970749155623,1.33624609725207,0.389677028712436,0.393545055225948,0.710115127181906,-1.21001194958168,0.719802118982505,0.473074424270835,-0.424652117476181,-0.188780222549153,-0.669356289464181,-0.347465511579775,-0.282994332635251,0.731049609929789,-0.440020388701241,-0.0715690101131448,1.26815173075722,0.403753906657102,-0.38913314322603,-0.534208524429923,0.867535669801976,1.24966214635429,0.753035440501679,-0.23883315115473,0.0265563250144522,0.132361615086058,-0.677654295937312,-0.0248601470519732,-0.44242711567512,1.00473316944488,-0.449628451215843,0.538859124411205,0.0956553118178179,0.829613533545058,0.917217759813808,0.570817794947896,0.0713838319702114,-0.402522635396502,-0.468960255137441,-0.191716874646023,0.37870513590777,2.13279249714936,-0.517933922659951,-0.957418846607385,-0.0451810864937201,0.454304955538386,-0.615688469781024,0.0905722354599537,0.967762226689539,0.709023069540223,-0.905472518353584,-1.06117558015376,-0.22536957215855,0.171605955514431,0.047105628226355,0.0825372250773075,0.369528006060008,0.0227972423781667,1.21873602618173,0.671343388583935,0.291793827975668,0.469785247406014,-0.0310880818775782,0.519630041917289,0.532353524280675,-0.48649314817041,0.724973912735848,1.06252248594501,0.39047376797419,-0.118727101845451,-0.0232674703382305,-0.87301754344767,-0.952616161238889,-0.552536650935329,0.844889945252086,-0.0432365420575445,1.02867307121957,-0.0272786503467475
0.170910297323886,1.67019534749903,1.11913457636969,-0.424601839452979,-0.035496259223657,-0.402747694466497,0.303474190476375,-0.63197829479767,1.28607981159274,1.56536562069427,1.0527258976306,1.03728866222528,-0.178718215240455,-0.0532626600316549,0.932198591897507,0.845464126842716,0.868555760708414,2.81254874529535,1.13099873732559,-0.396293431768672,-0.82144206513997,0.257054992559492,0.534705126380635,0.32647533023003,0.608236499063577,0.675065511979462,0.696888756776905,0.309049371831675,-0.067146179986481,1.07424729804053,0.49808004102801,0.777269558252091,0.869093431176657,0.123019294056396,1.88418143957137,0.366372181006023,0.499259545213295,0.818937613737931,0.28467608671818,0.0643035961858618,-0.766346713746612,0.846881609521218,0.750681195948122,2.36235497000832,0.590283659730877,0.535779345092224,1.71572506100929,-0.109744039418266,0.790653079236538,-0.330763972878554,-0.117437690608841,0.644800758403146,-0.214417029555227,-0.0280184738554681,-0.28204850410009,1.15075530333229,0.629273466982642,0.660806670004062,1.56304216812477,0.315206063006108,0.553363140083715,0.0476376484225106,0.234126527601676,-0.0457891446715079,0.11022029516668,1.2250226659929,2.27605603724161,-0.300467851749353,1.60713269614432,1.62439460135594,1.91431019425202,-0.0331200449833342,0.122492256114635,-0.664419589095852,0.264587938345713,-0.990834982982879,0.851608051218684,0.918099169654637,1.16829749166861,-0.232090182349551,0.915781384706031,-0.166661698078215,1.00395629962528,0.963730023871556,1.7883959905186,0.744966317471227,0.279811356671893,0.418085614878694,1.09456169204922,0.682112783009166,0.156562113074854,1.04838692248163,0.249045507690408,-0.284543236303928,0.78127572155334,-0.443071391706418,0.733585488245044,0.041081166300305,1.63922830788034,-0.198498570050648,0.4818965693102,-0.955108394587784,1.48332885429371,0.675896524377875,0.257047391017983,1.47849514525313,0.487231747212289,-0.0820525943694167,0.0289160077133497,0.480129040174605,0.135254591283884,-0.763261680626448,-0.191394943837526,1.18576002090341,1.16675813201628,0.111544851491758,-0.137518485494336,0.219454582232609,0.488248440122459,-0.154780691964119,0.598083042379874,-0.212398606073769,0.371040058530073,0.456013856485285,1.34600724299633,1.13372719595853,-0.197268437689709,0.300770705172097,1.61524326499285,-0.669460423727411,0.357639205405668,-0.718421479291996,0.188049600958082,-0.11904299558912,0.400288967306251,-1.42349092413484,0.996117656173337,-0.415895033479218,1.01289755526421,-0.316454375867194,0.0658608503200682,1.35371104573183,1.77170566000716,0.00746242231832051,1.76881351245221,0.9806867907508,0.66902682193975,0.440505650537926,-0.261857539687199,-0.375490673181066,1.47563346862594,-0.0401245785495883,1.05758778356366,1.01754069285061,-0.267066028855416,-0.0639544246847169,-0.506638854900503,0.904157732865434,0.00650595682759747,1.11418426796852,1.04171182643574,0.167940458919797,-0.626276274837122,1.00363571230421,-0.213375807071194,0.490496857322598,0.82574384406326,-0.0102802967266129
0.0785887981383716,-0.859315076316986,-0.185123627962488,0.624193267891973,1.58510417431091,0.0227688970200096,-0.0322705631141728,-0.0910738588423158,-0.635107779338933,0.970684953521196,1.04714790159731,0.418580508704375,0.589907751938821,1.53416974970828,0.448023333209875,0.308337228621475,-0.142607875098386,0.327003135936142,-0.704758858034257,0.722955447086432,0.0442498546580399,0.438763444309022,-0.150062014007653,0.567532426946244,0.744073667767997,0.484920953580151,1.25142313860238,-0.442481941034578,0.874155567470102,0.464576175279459,0.0351903236787865,0.646508796488579,-0.0199583757524032,0.0763436153551505,0.689881071989843,0.752318442586911,-0.210463500017767,0.382611708365557,0.194465265274851,-0.336118399732342,0.504738327500761,0.105835153210386,-0.590809160318725,0.684445146612957,1.21691772968044,1.48468338948771,-0.172589368274807,0.125634982678451,0.436469756858895,-0.693644442458297,-0.742513472305542,0.626005233393195,0.470066670972984,-0.198293687683531,0.749384062309313,-0.122103038262353,0.933633656198367,-0.729348165884294,-0.171693218356432,-0.759724992599287,0.485747292684497,0.312328007113586,0.465309401703453,0.545176632786846,0.233863974810895,0.229392216908892,0.496410730406305,0.0031202992306798,-0.250432053764418,0.460367298107144,0.581380659574269,-0.27301178761508,-0.591778241014353,1.32321328693818,-0.488436545495563,0.12078835565807,-0.325862425567142,-0.413877078256603,0.178475177360103,-0.505193636691601,1.30479613568692,-0.140761496326786,2.18811097299546,1.09348738110426,0.64722523614603,-0.570629027092395,0.779134614459229,-0.0313303849597735,0.597477798245219,0.388406317282719,-0.295692472648285,1.27736081053008,0.593732607710253,0.889990562470217,0.72377616510211,0.511824515724663,1.11823900312446,0.709064509346752,-0.11216618857837,0.0861275740917194,-0.183586333396543,0.733861785826921,-0.190293361085047,-0.15192116019202,1.74973740239812,0.764982466006337,0.262008961429891,0.0160183418848888,0.544406611232832,0.946504593977255,0.831608440436612,1.56844064290733,0.320128026463101,-0.0694782300633906,0.156024026323922,-0.459007079129411,0.747863502935959,0.338119837972771,0.989966758631114,-0.157529798472403,0.0761045168380995,-0.478671601159591,-0.239212849351669,0.17509022496328,0.86113999424485,0.582962774895018,1.25091479389556,0.932663224564084,1.14562613625505,0.442135568772866,-1.10481979455019,-0.365530388726891,0.641718425991168,-0.269613423252962,-0.0148559163739277,-0.538423794908448,1.18950845231224,-0.086054928838859,1.07918357390642,0.591940934397856,-0.321574034455529,0.349175906238773,-0.0660158975151923,1.09611021189305,0.819111124804258,0.496453331389901,0.375367439832706,-0.801901296724967,0.0102766076531955,0.589104033653044,0.115848472336609,-0.756563619170818,0.479501806455544,-0.12278052771121,0.834495582075327,-0.555567942906698,0.614040782851864,-0.662627309837318,-0.00269586686755097,-0.148580606234692,0.898859092731507,0.845338064726351,0.442150616499073,1.25615358769815,-0.554426345447168,0.116930016070153,0.982391834334752,0.335746892349855
-0.665216724528789,-0.0334434561677835,1.09062832585408,-1.28250479943928,-0.235944411061688,-0.446878746035858,0.766989674542866,-0.428751584023937,-1.24312532037769,0.759798590474081,0.14487032595839,-0.921738412592653,1.07558635896027,0.0182744680353611,0.484299067655921,-0.502236216633995,-0.551079058849222,-1.09705447589887,-0.621274441572024,0.820451665164024,-0.442231171743225,1.17806689212302,-0.138638551014601,-0.295531802684082,-0.541660875148273,-0.578487218408398,-0.121511125612387,0.130977175114994,-1.06667808566424,-0.289150582912172,0.106586767449766,0.680806550528772,-1.23263241284018,-0.699878226644708,-0.0181017381180194,0.0945640931114436,-0.12608687444537,0.815054829189393,-0.246560427384428,0.976081578142962,0.264054011335777,0.970575007118132,0.475740987615957,-0.77364404149123,0.877765512415909,-0.597692353452072,1.14995120209457,-0.200156532592646,1.28691530605732,0.956076420795854,0.895261342857123,-0.15824722880883,0.175255436371144,-0.12730143066064,0.897614600067142,0.454303113224058,0.680246864835193,-0.0816345719349356,-0.200743122423805,-1.72369732741615,0.651910550575253,0.706691716163719,0.803100702732966,0.46393976285871,0.0516219544285297,-0.686132853203366,1.30609969477257,-0.0850723177123076,1.9623278911017,-0.273221651635363,-0.0486232406995053,-0.738127465193135,0.591298286617614,0.577417811980138,-1.07461482134745,2.41396964783037,-0.22448252226564,-0.607945414767943,-1.32212902288245,0.493321121581235,0.472958451044605,0.195678191479019,-0.125642778915688,-1.17267768130231,-0.891394791185567,-0.606318533958404,0.127348915540111,-0.641530036117669,0.778339454311686,0.669997846716176,0.696919880659908,0.268898774843522,-0.599114107548372,1.02768410125136,-0.578652098476323,-1.00001775382152,0.930836707398837,-0.468496655349991,-0.481984755045658,0.768495059425697,0.296721624698812,0.100666694152977,1.46968958885775,0.205486195129329,1.12093497818755,1.07362249195027,-0.871570530679314,0.908256022552665,-0.95141859775703,-0.38992498916216,0.345264264011664,-0.56794612005228,0.369323450422453,-0.877222471146794,-1.68160514681761,0.899795545050786,-1.13339165322121,0.159974605868315,-0.641955105640564,-0.176497400411542,0.163144597702996,-0.295561368671975,0.463701686379862,-0.878860459069675,0.196371915017826,0.0411493054006259,-0.281113399174267,0.458227642431856,-1.06819678275306,-0.520069863248991,0.425955161813566,0.623441406775266,-0.907535979430058,-0.751133015468698,0.0136922731610643,-0.358136568617953,0.356885764317342,-0.271726543419825,1.05339928875533,-0.0770906333971752,1.43693694580565,-0.0738845383614682,-0.793604479590297,1.15850532136269,0.447032712690547,-0.828251168247734,-0.710229148344826,0.328208732209731,0.180620608523778,-1.24290650263127,0.0784923230589039,0.235700509687353,0.301240824071635,0.35149431679182,1.22039721001337,0.258610727560174,0.657778786249609,-0.98354794406723,-0.166706716581515,0.183397670690941,0.744023071341949,1.22105439207863,-1.10655640080329,-0.544962824317977,-0.107476434885597,0.347857586389676,-0.991746438783597,-0.158451615931571
0.392187913811606,0.44782890195915,0.123823978289466,0.743158729552013,0.556805961061003,0.388384228157432,0.585279522791708,0.274219454111508,0.0949685225563847,-0.0546197724317871,-0.793156552745879,0.732171067392382,0.320465874839415,1.10211870016902,-0.463757368325862,0.12400730790965,1.18354593299223,0.112791661144502,1.02434914652574,1.63247348416831,-0.630535901978576,-0.108677147044486,0.840543714440497,1.30469188195997,0.287409906229459,0.627790323790377,-0.476622464302703,1.06842792233124,0.398889063711655,0.228992430075896,-0.519679345215878,-0.0157894174519143,0.445742858834901,0.292521141060996,-0.578884126965665,0.246536454840014,0.336014897703319,0.430512431400924,-0.141181619918965,0.511015606274173,0.843931191205896,0.851192664375752,0.463253903884535,0.436197352635128,0.0409226346756814,0.00154217053715838,-0.0989886563819838,-1.27595690137482,-0.152288483410178,0.676133604013704,2.31449560812147,1.45956959739335,-0.360924931804184,0.0528008095974733,0.963630964179314,-0.606756032466304,-0.727182744857646,0.333107227510866,0.848632429541402,0.447763935753574,-0.375525125805568,0.260207830942105,0.554866139655602,-0.231953171727066,0.646817498167262,0.760124099572571,0.566166606351969,-0.36281142316455,0.861779492968031,-0.918650735461895,-0.27606812707699,0.914471387919197,0.0343604794908385,0.857873146429617,0.266691308787457,0.542904902046659,-0.612935851488389,0.403469857705601,0.619353105381403,0.0562390910576373,-0.179783540251575,-0.410029585672457,-0.995864490653675,1.59563964743907,-0.0626428336496875,0.596166403285578,0.355984245453991,0.701321698370094,-0.246256553073048,-0.242395033192652,-0.459510679171675,0.821568671911011,0.104523340394613,-0.395754517858448,0.412572583436226,-0.102408961988723,-0.39138699351956,-0.101693247516829,0.944348392306043,0.304639475171495,0.749703365923831,0.11533208542196,-0.675834723959472,0.0666694113780001,0.183282048504101,-0.50022033087701,0.125339464583324,0.238947428514833,0.0578090001348081,-0.367704396947233,-0.375625088062095,0.617109740244414,-1.09732833605046,-0.676357468221161,0.318730920633752,-0.115099061698114,1.07450606673617,0.400329717337065,1.2834120692143,-0.386269453325962,1.34727152088232,1.42769004585859,-0.144588748367579,-0.104517362355885,0.245747105832528,0.151393698750368,0.0727401498653344,0.416165500224359,0.336638369559741,0.197925866663993,0.389178340040412,-0.332299198935646,0.269508200132331,0.0128145323729759,-0.451793218845248,0.668631568473797,-0.357369553004009,0.321749406043791,-0.358539963408168,-0.458988411512506,-0.0381345848378319,-0.845368409660447,-0.101390786087946,0.140671723161971,0.0875455876312932,0.527432192073884,-0.751253194205235,0.760768290684579,0.581067597174669,1.18182870405956,-0.446703068905342,0.41530209096881,1.29946879497847,1.73343503269375,0.155861086469604,-0.299124631844628,0.72304238440152,0.195170246394446,-0.940556087082179,-1.02243461761282,0.796762294849002,0.820664698760353,0.289577002714672,0.917257411866677,0.248693761496832,0.38920711400271,0.775980595951361,1.00910486915075
-0.480145910157314,0.0412523077487443,-0.701857538171711,0.223791957184715,-0.545632605345713,-0.338681137230606,-0.701745297304421,0.121813645046751,0.497038842100714,0.912373816382093,-0.474832728832899,0.475926001319852,2.00331255743452,0.154604533168668,-0.546909647340417,-0.0857132255494612,1.06563311077614,-0.494724024636403,0.918265240771543,-0.571532568192491,-0.197613689253862,-0.141619798156533,-0.148244768217676,0.262494113708635,0.713059469885687,-0.163920113470575,-0.180279957368741,0.0262957299226078,-0.677472781515534,-0.117650362808431,-0.30270632655004,0.108371157480765,0.0175759364423783,1.18911582746101,0.11662721182966,0.881075918252197,0.704668297881605,1.0673481639734,0.557532998280425,0.0760251457397242,0.520921134960429,-0.45887767457153,0.176105702384526,1.5826412628446,-0.298053714090777,-0.371047510909811,-0.768471349092842,0.473043308154359,1.66097040826824,1.6413515106465,1.09978601138667,-1.37657460755004,0.263219389201899,-0.440194250296937,-0.594404675197419,1.16370698797539,0.845716904742492,-1.08108109250395,0.275460835415706,-0.177881948797303,0.750898258399786,0.189615977534664,-0.0916159700850471,-0.179111083550123,0.603709348815867,0.598287404493168,0.0460121946187798,0.0415919633199731,0.233487341989324,1.53103304587126,0.32188791932747,1.31254525900233,1.18792813349952,-0.824740258033651,0.365939760631983,-0.498094248640154,-0.490099715729901,0.27872267666707,0.52251245977127,0.048871372375887,0.439166366887778,0.768390384539957,0.342453675959645,1.14306533591365,0.469916421481333,0.332890318316277,-0.336124127907782,0.297098945326608,0.842919889734209,-0.10861524156531,1.41124513637035,-0.159148155248472,0.472062852084841,0.32685918117711,0.492858761386166,0.176543377616477,-0.0548018036490237,0.16191563023202,1.64944628825121,0.631499098360182,0.958170203320356,0.779925963476315,-1.23309124396803,1.07443123502062,-0.983794910335138,0.0118036578660234,0.749626105096138,-0.590050552743598,-0.533010535089022,1.01218137075897,1.31743928619769,2.81514094434382,1.03408301142362,0.86391569579588,-0.926819262734768,-1.09616628199703,0.478171309994061,-0.345993161306546,1.36055477949225,1.09624728299518,0.119506079961918,0.227285857117249,0.248627680127721,-0.557017853345921,-0.758937176597693,-0.755580331524361,-0.271834868645533,0.866194243289819,0.325455865076816,-0.672383819415847,-0.945543900821784,-0.104172861580698,0.0684609463705389,-1.64075586182636,0.135490523709354,1.28006044863052,-0.7606501763629,0.199340966964862,-0.026838815104479,0.891327681326253,0.74459882369398,0.0146447543784899,-1.18491948880863,0.432015197283289,-0.270871593080864,1.55017180280605,-0.575801857081268,0.521112275477454,0.200599150845703,-0.0490689395309053,-0.533299157175918,1.5010537849881,-0.351502915534281,0.621627876571845,-0.907642105465217,0.156296506955369,-0.0405086294560421,0.468965833244691,2.21227430101989,0.174908846943344,-1.1727620987633,0.0924865101441125,0.397939849149675,0.707807721861101,0.182723227984297,-0.231800679267052,1.79423849199712,-0.668398315586117
-0.0898735428139055,-0.525235605681373,-1.13643693360527,1.29158321170293,1.134121281213,0.732869036558296,2.38625770246779,-0.461429300529686,1.40046036933776,-1.03128878491285,0.780670386795969,0.214250930582869,1.37596931355604,0.724091087336144,-0.817241146790458,-1.30128855421871,-0.751531672012411,-1.85033446740501,-1.36941272604306,0.526093747295082,-0.0405276074879606,-0.364845844687286,-1.86869699569155,0.179045829655157,0.7630006228309,0.480665170002358,0.480649437133208,-0.130517552163457,-1.82826002140053,1.02478429373125,-1.46271343429999,0.295299238584354,-1.50339802121422,0.311275706386414,-0.123856614287864,-0.76976633823716,-0.36443072436318,-0.473771255017074,-1.29008809323774,0.0381933626276027,-0.55094164848381,-0.33250014949176,-0.975685965316142,-0.691655041472064,0.298954605186435,0.433196770657263,-1.02481302035721,-0.118802009292006,-1.09096415549055,0.01622128550641,1.04700144474458,-1.47647208109118,-0.62813253459415,1.46344714348968,0.167030784812414,0.866371562987619,0.337254154557798,0.384229263606865,-2.56379269056339,-0.336165435118438,-1.44926870570509,0.85041372813334,2.07449887494264,0.971099742295742,0.158027094985334,-1.73135368628005,0.351795872408701,-0.871718898542282,-1.25690712052456,-0.044004196244255,-1.38387911779679,-1.24608202620245,0.550415521711501,-1.01746172326602,-0.0907048083440512,0.983437033436353,1.05750168350813,-0.195137849117277,0.858912634402357,-0.521710285748588,-1.20952051843178,0.706117992694789,-0.0157533451759656,-1.01509108472624,0.345596167967441,0.0511349380447431,0.213132182459719,0.314566676604226,-1.34561037797705,0.795004610840289,-1.44095664879325,-0.0587231000901542,0.0902016748174539,-0.907247539189616,-2.07071437925022,2.25231724428135,0.581856064707222,1.18440049941376,-1.82255958416926,-1.3912197150982,-1.87809812022623,-2.39993935353757,0.375482112281534,0.220759476972238,0.243152079682033,0.255463762163135,-0.43608166738314,0.638209685153763,-0.3181782650697,-0.168594125606548,0.641585703731003,1.5723674360373,0.905512839311168,1.13314368999263,-0.30095642118293,-0.467166262343761,0.430260851968476,0.367886866782771,-1.80967018367202,-0.399633381830131,1.74284816691583,0.102362308024349,-0.47082734238142,0.696793111430216,-0.758668779836657,0.106642909913014,-2.16949768770183,-0.503592620670737,-0.781689276445983,-1.12505794004699,-0.260679512226453,-1.25613164795713,-1.65069131490253,0.283812378053432,-0.243213799259467,0.496127519110578,0.457081687216384,-1.69069926422836,-0.267077439446267,0.722080547927638,0.449245690547672,0.312846458530926,0.0293812795261856,1.79281268274997,0.888995520592305,0.424692283024975,1.18806787065823,0.315045276495672,0.0843781411082015,-1.48776078176908,0.771219703292843,-1.7694989386153,-0.714567885554629,-0.00115570017575442,0.646111837577461,-1.30666672171057,2.19875893493556,0.382483652024949,0.385160784144984,0.44974405531173,0.460491991317825,-0.394062837862817,-0.934045240109822,1.54783187427051,0.599906885330919,-0.307852280770205,1.7073847012623,-0.626263040988737
1.11005575079122,-0.100021120951827,1.90437364870264,0.878891279438917,-1.68390463793116,-0.043989863518583,-0.351838079904509,-0.537088694836845,0.00457444726735176,0.865990391162441,-0.451404747573537,-0.775360341684523,-1.77521107867335,-0.535660418283136,0.194592726405352,-0.92128813738834,-1.49652422104744,-0.0580982803945167,1.72203812603963,-0.319030582492597,-0.412568929790574,-0.197346902364897,0.768389510801136,1.24339826086588,0.860099759173169,-0.0282133846532939,0.351013329557238,0.0625245123344539,-0.220316916867637,-0.0153832187781613,0.113295120530418,-0.752046633085298,0.0813567476310965,-0.559243088388893,0.534213436710576,0.0757193605827278,0.475060669185121,0.0719182416330715,0.671987270141053,0.953042419751924,-0.000167715114390288,-0.692625001435179,1.48188906146927,-1.39649363517724,-0.152698748964256,-2.04418179544824,0.0957436266469451,-0.173056447454995,0.680486996791742,-0.989361731565114,0.197811065035335,0.548604177249862,-0.239068282666529,0.112590776612203,0.19761250458233,-0.152915763469143,0.632063592836383,0.667785277575194,-0.72744437933183,-0.399842498433824,0.18110267523064,0.331881715930043,0.0519777994937194,0.189294414234572,-0.0130895512823573,0.474696283933808,0.0379606984277099,0.43773118469209,0.683082865047667,0.152453735267467,1.88364982557594,-0.122643649409689,-0.545198457991221,0.770205050000005,0.894754951848402,0.229026372646258,1.64266861340816,1.22598378419695,0.442597391038085,1.25395584371237,0.738688287115947,0.418178400832308,2.31894521268368,0.43923044144331,0.780940990201665,0.797598525055521,1.56283834680032,0.0109832185648753,0.542133868908093,-1.13198201565304,0.0679838484531166,1.032071534646,0.743326821678313,1.45356789334741,2.04918726299203,-0.233215262836846,0.594235421005422,-1.2635304681543,1.16069072431506,0.434124514393782,0.996811389107829,-0.914318528702245,1.16612963299138,0.257339618688516,-1.08190004809482,-1.79003017239003,-0.0165131313219129,0.695650168225055,-0.458368381775498,1.10385132244251,-0.200754384173901,0.640597266469351,-0.550436069978372,1.01072134345105,0.6127678844882,-0.284084215045136,-0.610814837261053,0.47368956100258,-0.0858189785449443,0.318337203982079,0.202056555067629,-0.799512638712537,1.38991008777461,0.254652531262275,0.414968363764234,0.24809208880562,0.96425618440171,1.70121712297757,-0.758144925842716,0.536745127311129,1.44093253793097,-0.0756505658553867,-0.20998853051394,-0.365979569099505,0.160064002539361,1.24316754552635,-0.398877256554267,0.481822364609894,-0.656202268601422,1.05805014308084,0.402011452463097,-0.428750993300562,-0.97332849772323,-0.329509092401556,-0.206882608599922,0.831216203127746,0.67088159589703,1.6646526829798,-0.82686660114925,0.245322154574784,0.340591026627474,1.70399414343311,-0.0237348962606763,-0.520339690853296,0.61305474233316,0.814875956209825,-0.704413674284827,1.19587437081448,1.19284868300351,0.14876932293042,1.34283151288795,0.128941405787673,0.724885440883836,-0.430903473582533,-0.999705033994604,-0.468804448003431,-1.09773126322259,0.366335671672508
0.689029864971706,1.80941117457608,0.337072024157224,-0.551157143070044,-0.105279040464444,-0.167040317390145,-0.515700317317923,1.52106681724539,-0.106032346132786,1.03165715156211,-1.12756385296771,-1.45765559427887,-0.65254429899924,-0.451308917495476,0.78927079495365,0.162842230086441,-0.572889857646368,1.35418813618698,0.246139362981527,-0.813166775136906,0.794183551382343,1.23877551229476,0.11212086249927,-0.455093729771781,-0.842590469726556,-0.444373492998618,-0.140985950415655,-1.25076486786662,0.391878194388604,-0.187642721374823,-0.680390886510529,1.10256316203465,0.760567256488626,0.632697047743228,-0.442825650593724,0.880607725548325,0.716072649428346,0.298546198944587,1.36811183486498,-0.118082487414998,0.620263436449909,1.10108213050799,-0.855871795805578,0.0723935361022751,-0.607591414037584,0.943715413072206,1.30542049601047,0.388846353071993,1.7982155103434,0.95493887232399,-0.766059993006502,2.00959517378183,0.927699387445461,-0.415294131900148,-0.902966781418721,-0.335553568646547,0.0137801148659452,0.0618306578380266,-0.515460652020317,-1.31186315956912,-0.651334037560197,-1.90997355599747,0.471482194454884,-0.544317327321288,-0.543785331459094,0.550733057747307,0.656104223692491,0.647925680680081,-0.242860827389058,0.118684684017267,0.47798433269025,-1.55096523104939,1.37419919594982,0.903995128376473,0.172806944682436,1.19893692767147,0.628378458774154,1.2526364086144,-0.523718855015506,-1.10399588621099,0.0707089894073011,-0.601426989762856,1.10613099583659,-0.904015912614019,0.699739262726571,0.0529200275330785,0.27711725945759,-1.48203565220552,0.00718124498265238,1.08633601127407,0.768410279918224,-0.857186448202737,-0.0708000758931173,0.348805303286734,0.13023960553707,0.511762896728373,-1.27390831721233,-0.334242249733242,0.923189286816909,0.407171977088345,0.212772840999114,0.200923189921442,-0.0648211419468374,-0.533882256853528,0.251719198700194,-1.46541098438832,0.384260658215076,-1.33282482899317,1.10197502182962,-0.800904661524839,1.06128294169688,-0.719651597821785,0.904801899115333,1.70785782573047,-0.023840334953063,-2.62112575865398,-0.957895867860159,-0.459404285574185,1.59648051301019,1.42346609795078,-0.674455225843264,1.23523072218163,-1.3068413713575,0.333981310800602,-0.699761170587074,1.42935036273595,-0.865560669082299,1.09724303972571,2.37626349575573,0.232428377606702,1.23534929406212,0.153731110285757,0.4520848389522,0.835699833651734,2.12982186206947,0.112841111357691,0.74761707077873,0.279142204274144,0.823556595324297,-0.575100578154108,0.338605037952638,0.713202480765255,-0.232989068228274,-1.49166106546575,-1.47326213868219,0.754900359659418,0.526412370557682,0.953667686216993,-1.04065633466983,-0.722221187378723,0.0279387341498873,-1.40530394159131,0.371672785052167,-1.86604265597227,0.000265832231771984,0.184991056921473,0.642187094340806,-1.7443922825638,-0.0493550634313208,0.625581378433295,-0.233765057843745,1.86257006725434,0.087983023566836,-0.351493016471567,-0.740433732940466,0.730464020142709,-0.388798725133316,0.215278413046301
1.11936642163266,-0.295627293549614,-0.495590097594528,-1.17008676941573,-0.0589621545970916,0.998261373238074,0.465627346663139,0.475460326234646,-0.050096964327823,1.05627524472193,0.151365191744622,0.0387741222634206,0.98795867693242,1.11861501864405,0.736565718646397,1.48482455632404,1.34458891246988,0.598773732989897,0.444040686644946,-0.213663529914588,0.616138415825952,0.205352128615186,0.153192127046493,1.02870517787674,0.969060036203179,0.624600326601959,-0.07909773753491,-0.80117080541037,0.524838190552935,0.809712423579376,0.475834959435801,1.06150716688677,0.566623990041566,0.997965587763351,1.02614303784568,1.75949275259186,-0.016638356496845,0.394946913319331,1.69870180591762,-0.85997625820037,1.79935748930376,1.6104901417638,2.25622511554795,1.20894714993827,0.607164524946362,0.432427829255485,0.257037040449013,0.242828597739477,-0.0638299982524553,1.40187353990796,0.591522132379846,1.18426760351034,0.506139773805971,1.04242117332197,0.762988733841115,-0.0661031296801283,0.362167347832546,0.897634167267454,0.769851968398135,0.0756768247829823,0.321632392563779,1.05665073483328,0.687133474054288,0.50779107373311,0.145069687628425,-0.180106392590197,0.976912801320389,0.44425857321586,0.300832493998316,0.209299226938148,1.61031667923515,0.471550869752363,0.609117629132786,0.43045788139394,-0.182594911177793,1.66781889617765,-0.311792455728531,1.03452979513511,-0.915868884386137,0.246918973018218,-0.0950030797843353,0.212504502455216,0.581479800219807,1.54000562731513,0.377306371449312,1.28420728265862,0.886507967854886,0.226529192011575,0.256463497409729,0.172937424698858,1.27022597096799,-0.0547074707737836,0.33104834027085,0.448776445566743,-1.08863513905639,-0.192715368383235,0.631687807662143,-0.345878462391687,0.154739223648032,0.346965065603408,1.28319763542043,-0.29028630579301,-0.0390714008565961,-0.460810597328728,0.287974193872841,0.722771937877047,-0.166259552249267,1.16254233627463,0.27903051889495,1.11606569175783,0.797087615697711,0.122924202777969,0.306061188297771,0.63955658165705,1.25067676898586,0.367973643941798,0.447896096867743,0.379523369058725,1.07814228318357,0.666138426040172,-0.125503038144699,1.0772155677807,1.00318240105919,-0.222378712314512,1.26479295659275,0.907748518860396,-0.547586298044123,0.143961655037407,-0.790287289539354,-0.367798036418919,0.47345280363515,0.189181828526019,0.136855293760255,0.529710382117095,1.0897654999929,1.11154619725996,0.443348998149995,0.574540359976479,0.365315465762366,0.674052562447143,1.23064424383914,0.281982373101796,-0.552967675610324,1.78374482932191,0.705850757698612,0.336277344285045,0.857530666244281,1.31927287348973,1.64687061909483,-0.134415521934006,0.401367101130389,0.384944478111949,1.62769453273085,-0.637487702866106,1.07451719221734,0.557219262468143,-0.920025451269415,-0.277744092833762,0.405009174675351,0.135777990986482,0.254706734516847,1.02796105004658,0.436439211704099,0.188228054796043,0.403026022510141,-0.361241976073744,0.216854307973896,0.928635728516323
0.19148385433748,0.935132462518255,0.266255459952522,0.103161420608041,0.359775335721593,0.330731737749851,-0.655794126890132,-0.335745368463661,0.211667123826207,0.679484060320661,0.586358236233975,1.97030235264016,-0.64578848385119,-0.0275813032992018,1.18938495062358,0.488421030547443,1.05770631639334,0.455816896313623,0.741806098227644,0.534940418692219,0.109703979710642,0.0988745862660998,0.140100191320338,-0.531014767265158,0.248467024110885,0.248158051501666,0.678317929149604,0.424357191755516,1.62732479709644,0.258685524432307,0.601756053285905,-1.52206707530071,-0.342582361390422,0.860970374716044,1.16236660895312,0.464181011710825,0.352308340782538,0.622146324875424,0.624367268465259,1.26988446900977,-0.860000581233468,1.52918534826609,0.696414817687148,-0.0300248178852302,0.239851074531841,-0.506192653679879,0.833242901026617,-0.646469700928945,1.05282008181834,0.229630671788045,1.30764860467788,0.275657282669724,-0.140125683523429,0.494103848585449,0.0259163567654064,0.284165572357782,1.76033377217883,1.17101555899225,-0.192740452621927,0.318309362957262,0.00789886917466004,0.0648583404451302,-0.266224626444168,0.598889208855894,-0.0327156043622486,-0.00207019791227292,0.799508470624801,0.248078725072368,1.78499169288854,-0.0983259951229659,1.33932895978535,-0.779557415850198,-0.0268202277549227,-0.359412661485918,-0.33760354820602,0.210897151927491,0.442029488306277,0.463870084432474,-0.503594514381271,0.477134255125553,0.264719454157084,0.0943629337109767,-0.561287224907542,0.834244884129326,1.320824119396,-0.506586172818073,0.47679636501365,0.158615678202918,0.588168135544501,0.861289070057701,-0.693564212888594,0.754623127856252,0.585556756958301,-0.500108824890973,1.60852094048734,0.167713641791823,1.26290061027109,0.294680828750963,-1.017281516396,-0.203663917001437,0.516723206712622,1.80526643952211,-0.33203843790911,-0.0676673651683927,0.144299635547288,-1.47199707456902,-0.0993895568933294,-0.258251885791934,0.32951979702094,-0.127557552399728,0.974575142150415,-0.874495093759369,0.841578262582233,0.496610439882977,-0.1210730579865,0.034119126983477,-0.0753655910012354,0.786481045184709,1.06165662585999,-0.41744115057519,-0.109559592567785,-0.0775418667297976,0.995779103071413,1.19919279696264,-1.07901466541037,-0.20776076907387,0.504660303845859,0.169074135142505,-0.405589119818557,0.0386995536496394,1.21613125014137,0.426629642662933,-0.719157101538406,0.065840006941481,0.518498483336082,1.11655150747027,0.865961301824739,1.78869521258765,0.282939523252946,-0.403155301212681,-0.844215502295007,0.591239210520024,0.645919708290404,-0.437591933014836,0.0569695784008555,-0.0533975986400048,0.455213114232158,-0.466997202292942,0.265046784535683,0.900291658128905,0.245985151292998,0.44479388809759,0.0302504454555563,1.26499718471176,-0.10796783305223,1.20311599176373,-0.236878241483052,-0.204261198081241,0.424566682497606,0.240571515296799,-0.256044202440916,0.975570487542273,0.298428546126437,-0.303643702605914,-0.41066255251673,1.23479868583118,0.278136939845669,0.832067639239409
0.0925243104593055,1.3089896859416,0.466822048220645,1.93853593873119,0.210931560037126,0.294576223353901,-1.15324514765893,-0.271565706281098,-0.156969490912084,0.840025851785889,0.854380722376105,0.614006504932238,1.25081997626884,-0.103722654426789,0.378345805119323,0.963728081789923,-0.0147229992582049,0.469975931016471,0.524088398296926,0.79208920875838,0.537056818184929,0.950048945314531,1.52537753254518,1.14112517794301,2.12533829952901,0.387731055656488,1.03842047496972,-0.295965053401051,0.472608661486023,1.27568884095563,0.607106213927681,-0.735882324750888,0.153439906882276,0.195071229943158,1.31477355772221,-0.754663159296391,1.2979664153102,0.683674616786542,0.636281222708006,1.86220528819637,0.450975572065663,-0.0557773555322172,0.320004258284218,0.0539750159001896,0.301580877556865,-0.445117923021256,-0.0669627408229767,1.72424953472521,0.894846028302886,0.218198530187959,0.821039032465536,0.947299985074567,1.48016185352369,1.45500557565093,1.02377321301066,0.633075750461938,1.13818375509814,2.81024730469806,0.40204510896633,-0.674940231964878,0.138504213056811,0.818660665079346,0.386161852871643,1.24990901280307,2.20622973267249,2.55220640575749,1.29137798548124,0.747657409945793,1.04045960624303,0.965058686128585,1.73267244603892,0.709876548554532,-0.831545340448804,0.707529290973819,0.26552906561562,0.0327446846646474,1.39449060043376,1.16320663125597,2.41514712598731,1.44801432201253,0.679237460128257,0.49584192741389,1.25854886655139,0.384579787114633,0.217285755559671,0.957890715493782,0.310761558648444,-0.702973434111958,0.942543997879933,0.212895894482439,0.0775536331411548,-0.0752583087377163,1.21680326482515,0.437295252850505,-0.423833796940936,-1.01329928963842,0.630475374276749,0.847430901999611,0.116015824767204,-0.384817586979744,1.20549169998713,-1.5978546280248,0.743704423399943,0.620291081465242,0.764251267364291,-0.240858170394138,0.938310942644216,0.0460828547017269,0.598381275308118,0.261317631909404,1.38887580410102,0.609062826173973,-1.18229801356874,0.723694421859598,0.884801496810951,-0.45212877593256,0.944041195064378,-0.0389824744037789,1.13868849784475,-0.849869906632711,2.0580261573011,1.65461188080076,0.739532514445072,0.781014454746118,0.785041731142606,1.09498038988315,0.407429657137263,0.551453686623852,0.431722974337825,0.202350195439146,1.80666169693924,0.912734382963009,0.137907904686918,0.854628345390295,0.656292901287017,-0.184964501567419,0.255942740578308,1.50418674325346,0.933504499337654,0.476317577270784,-0.47902130407389,1.38549841437714,2.4564009242218,-1.35104242916961,1.37752211850429,1.76936365551315,0.314960008648216,-1.33921270633648,-0.85593143431937,1.06710080328811,0.967936461837964,1.74770881564092,-0.33963966226944,0.223981061479807,0.203525696256674,0.410714717680101,1.38731365470156,0.0237375564008562,0.488360787163748,1.0996414722702,2.73832514193055,0.572554843174979,0.625080284266214,-0.164896677788606,1.67939471749906,-0.524048844181148,0.478987574674456,0.589756905321565
0.209251499883711,0.948220024210833,-0.234910220985312,-0.146295092326294,0.735672497193019,0.3334476126356,0.704836713819207,0.144766375163307,0.00780190019862625,1.67874290515184,-0.175896231738718,0.0890698207653225,0.87051977267408,0.518384055666264,0.576845990495139,0.960539057880754,0.872195356965617,0.770857869617229,0.844008052372976,-0.487509598559004,1.55469605986412,0.778903098276752,0.779621112206055,0.50891348524902,1.09309477292236,0.349575897593511,0.384081475083068,0.366220477374526,0.328829139773437,1.85241414736577,0.367831183041489,0.834450066936813,0.834386074116201,0.868259911202137,-0.0501439568787643,0.3827190572099,-0.453869706033394,-0.0954922921035706,0.385481187605956,0.779053274783893,2.39541595583865,0.769826716998328,-0.143835637128905,0.818322143273316,-0.544988521835397,-0.0352563900481377,0.906955053294973,0.29579867619588,-0.0845059567222869,1.12138256508947,-0.665400146099259,-0.358952277627731,1.42881747225407,0.949012437664444,-0.400283795760716,0.851207348213104,-0.807721206180662,-1.44077878703296,-0.205905761049979,0.266251785786606,-0.376538628505097,0.258256822065561,-0.577290337356837,1.78178331234372,-0.370283261142347,0.427462993574514,-0.971016977427524,0.0540685870493595,0.618043104082252,0.453774054805888,0.145290697119247,0.233806781529916,-0.581318194930706,0.12465574947885,-0.155286230901846,-0.416377038408733,0.524915387487866,0.325732161472514,-0.186314879437999,0.0852938221556475,-0.162770588108255,-0.199442067949213,-0.46873934816519,0.424146008455425,-0.168540721039433,1.3671830691145,0.662794403321099,-0.322278496573582,1.23683945203626,-0.1943292987183,1.04633394650162,1.02886588291476,0.555067147900167,0.0362353545100521,0.653487345389711,0.410413073135067,-0.48315913918008,0.447784899895748,-0.731856575210215,0.01498990378302,0.637643155157902,0.0611604239927137,0.215897686170625,-0.410992717548849,-1.3335416211219,1.52428342631112,-0.441199144217956,0.283861839274779,1.42182104698537,-0.172081899698723,0.165456138354746,-0.0367040130647101,-0.60709280807661,0.392641939959422,-0.459512266439743,0.808265657426803,-0.00809951205981463,0.0408590338484828,0.953165713077442,-0.181923004085561,0.661889418209444,0.656366263434915,-0.405488967957828,0.20452440715164,0.474098090182419,0.487097974483047,-0.306792103710496,-0.127059374302908,0.773067249226234,-0.0680671905446493,0.473664072950623,0.787708702236406,-0.0480357402392646,-0.294169197105561,1.11757742308402,0.0781508182753544,0.404955153914876,0.533101443834192,-0.0835546142265263,-0.633034160226744,0.0209923270964534,0.0184305760273955,-0.644630937487979,-0.417781875514309,-0.024306851666975,0.645377100380916,1.28180153785003,0.529541679710782,1.11228920679413,0.253984156901184,0.734139573618197,-0.556147582231694,0.266824580801405,-0.632277199238522,-0.382509963413608,0.25615870968683,1.27923234051927,0.102065566133306,0.669691299870558,0.284926554753828,0.83176613665106,0.136197066341167,0.0720650940704435,0.781124858657815,0.153612885143051,0.257407867209418,0.599512592311245,0.65003754981675
1.11222336258892,0.779770447190301,0.658929104929954,0.1840479032969,0.0362494301951992,0.481804480803309,0.0922593427542807,-0.0327878287711655,-0.632280523973684,1.66921637531443,-0.142105960762437,-1.52518282356572,0.530824623304438,0.0208016507409415,1.47105837532443,-0.885028445967205,-0.376395265225548,0.5606386000401,0.769924917023503,-1.96754356647102,-0.277102015169148,1.30291606054478,0.155166962081004,0.438199315403934,-0.899271510713169,1.25255223346822,2.01111863308364,1.39035800690379,-0.0610433131059681,1.2583296315759,0.835069502023612,0.291062181069437,0.259768314326768,0.0652818781762844,1.44202909808029,0.776041772719379,0.783008701928945,-0.140618424960027,0.257475516263326,0.16595238748195,-0.33797956013355,-0.0297488066118162,-0.608144450827796,0.205533545682385,0.56733381480674,-0.183647187141704,1.27234656907005,0.582664259007169,0.695473959637639,0.521240828792349,-0.0948482843079617,0.603084133170677,2.0355466429417,1.09380823261629,-1.11132664602169,-0.703238555659879,0.105892877289178,-0.0634057810957512,0.719737528717484,0.931575014145593,1.15253211581103,-0.280715415113995,-0.380394429117458,0.660510333723212,0.412902584827393,0.26527025997514,0.271465543100023,-0.181543853147915,0.075965798554431,0.309162785008429,-0.305184884765935,0.278069488851186,-1.17302831914983,0.101323076573293,-0.19161783595473,1.11572631259747,1.1901201282626,-0.304295126579194,0.653389948265882,-1.04737115806895,-0.994608325508448,-0.00682513526843051,-0.0532829082573837,-1.18032432640673,0.299640342331187,-0.895525096976305,-0.268548091630378,1.45201248602792,0.109872616013687,0.0260649320148918,0.328587126730868,-0.34947477572515,1.30460616634757,0.476463635202246,0.498998810864831,-1.91666718457877,1.1165849697343,-1.61608030581307,0.910676154536361,-0.714398281110693,1.57746150562408,1.21127163476459,-1.16826033915727,0.0869092350290658,-0.00911114851727782,0.487994722828853,-0.389554612876482,0.948206305066248,-0.22479078248995,-0.834610707753895,-0.0212175776343279,0.832254384555365,0.132787845123426,0.816498627836365,0.250101819744141,0.773007714498792,0.260081544012543,-0.443637062153165,0.118310166965197,0.425592200232079,-0.0739826248636768,0.062283787405185,1.28135024789955,0.000888070542145444,0.717997484689076,-0.037965218096126,0.390479572826568,-0.192709366821123,-0.280205350344327,1.25033218360626,-0.0456374831677418,1.25935811398685,0.0464970000699515,-0.381302182407818,-0.725336054260225,-0.268694100653762,-0.00891419686657086,0.914785471019896,-0.300591360032643,-0.591795498337526,0.832615517656274,-0.540556840363695,-0.395398134537154,1.17510995391513,-1.40365663340176,0.582861543818603,-0.103694693994214,0.222578085550548,-0.244269523779489,-1.59217489344379,0.811013856860532,0.462718212211464,-0.512144417437903,-0.213612516957218,0.439429110975982,0.480877780321407,0.219347901026606,0.496899554856654,0.638664898535975,-0.736833725692368,0.487455620181037,-0.680065113046471,-0.543706755366314,-0.32409108002164,0.880349714285626,0.145839559898112,0.808332937584581,-0.897457442744398
0.710792088901549,-0.27068242235121,1.53539929910197,1.10708513452654,0.32784296884944,0.214935531222204,1.15448924303289,-0.106943899160883,0.493579043275622,-0.368879189762829,-0.52596528459062,0.223754286469096,0.0725165022490341,0.508278698888875,-0.478987426381599,0.726732603176709,0.441131789541285,-0.35314148842702,0.210298478021723,-0.0365025184309336,0.491984857329136,0.197825624439436,1.86840137522728,0.138107061523461,-0.550198063515129,0.716370512255856,0.197768590083546,0.645032173927731,0.770230688038425,0.731128489358109,0.224695997134795,0.906193600016328,-0.872343593211835,-0.222276343095404,1.66933808196411,0.26404027614302,-1.01460119020944,0.124288175218706,-0.223533306565243,0.311165528862207,-0.269480740436295,0.299998654822523,0.57864266156422,0.338564249205752,0.296171907498045,0.188304486450444,0.328578685998269,0.934156371751181,0.0652597421962348,-0.0829758536713361,-0.896321118229886,1.34179259946305,0.375487092628477,-0.00853119398127394,0.141156819759711,0.221661521592404,0.185943232480814,0.250998598093332,0.47830536017935,-0.315592593867257,0.137706612365597,0.459172337332493,1.42756266631282,1.11781192874206,-0.0993252550820157,-0.457597055924681,0.623148819845065,1.40706419750008,-0.178641418796659,0.0102847083916403,0.462185536233112,-0.293940129697442,-0.354095527207021,-0.785764130085453,1.58605942166957,-0.313036905523506,-0.0869226365478216,1.02688354369215,0.0401488109469753,0.435102365941137,0.124508812259625,0.0757683059960149,1.12092673703108,0.68339639802352,0.884829186067504,-1.04788409919608,0.361257465202345,0.544656748388114,1.26615498140634,1.20297138396262,0.676143537292075,0.206941436807501,0.446635700749656,-0.352371969606989,1.27667304910212,-0.313279331960655,1.31042116417451,-0.742740542578709,0.387465835800591,0.620342243800582,0.729036475478743,1.32397876214708,0.209445508318346,-0.406119596191933,0.743796785343711,0.842833830855569,0.465941945334325,0.90888231950378,0.280463333384019,-0.00149043395828574,0.296884846121246,0.766058815138695,-0.814856905695167,1.2351955986374,-0.71028039634024,1.43454584882878,0.21959369623919,-0.037264002555505,1.40833205633217,2.30772279702687,0.555199169733389,0.00218416064211174,1.64652137502842,-0.149452908885071,0.00465433830970291,0.64658314722873,0.970332865804931,-0.0287373539836708,0.482762729699486,0.609641090665107,0.457461059591798,0.607033957338729,0.529344363376508,0.343047970486981,-0.0698607761072475,0.306626755566832,-0.333274447375356,-0.576066182511683,0.681759103099903,0.609415118783931,-0.51159105617515,-0.0857365396770724,-0.799383312888194,0.845347481405883,-0.512369705979575,0.497529816371673,0.84458064837524,0.894265184859673,1.09433537664968,0.415455347651118,-0.343043880216022,0.283915988750725,0.782188818007297,0.40676212638412,1.58744604289379,-1.08740986134438,-0.205974459827974,-0.056967738690866,0.155010516700813,0.298783535559076,-0.490822729452968,0.404521131086092,0.505645872462275,-0.16163200551285,0.290385155270998,-0.948760893012581,0.110190489613333,1.23881944000269
2.10258393921499,0.655746327452758,-0.579785600340296,0.584761138418221,1.11848412161204,0.579790620666107,0.230047223140073,-0.0465084020646465,1.28748468550467,0.803124320191902,0.449282881681312,1.59105054563007,0.96075331434734,-0.724200547371176,0.211644591682546,-0.720813373747551,-0.121600202359284,1.488601360687,0.283693845528137,0.566734597896404,0.850904420568096,0.0719126408899642,-0.0247006561185475,0.665555639820214,-0.317309980104934,0.00736764684451616,0.24803965815231,0.599140559161833,-0.717625240277076,0.91956155792909,0.249824680273702,1.26123599287573,-1.26857824180617,-0.38152652201701,0.0947857585663067,-0.129572603164999,0.290369000509208,-0.650075813609433,0.400184587679863,0.363818446839836,-0.233408729322077,1.65780362481547,0.312235376557219,-0.159762116899877,-0.172667916241228,0.310319278334892,-1.30504272581725,-0.843384336687231,-0.645543880158986,0.828710848574634,0.436363570253531,-1.01992117372129,0.575753480249134,-0.250680089431822,-0.212525166438198,1.55749537569529,0.262378063721482,-0.631048332166728,-0.407206301290872,0.32465150417169,-0.196974289852433,0.0818251218909157,0.676771473705273,-0.342467086771122,0.25375900605655,-0.985210194670143,-0.568387356905361,0.354182005395461,0.39421256082716,-0.853567054194096,0.624647389476256,1.63046438969499,-0.909190182662427,1.02714548234538,-0.688662123539591,0.760835227049825,-0.770963102333494,0.887761710530066,-0.258964125704295,0.199093651463972,1.65319327741791,0.460946864817676,-0.101292007104032,1.88904243105025,-0.784445413109756,-0.175427226658598,-0.240792116693972,-0.0957426737975408,-0.136439746085879,0.113537384125972,1.10765780775864,-1.15359627797501,-0.0587226290232617,-0.991851739415347,-0.417005923882311,-0.727449045579572,-0.544033282170337,-1.15704286509668,0.394192682389213,0.680254416468222,-0.493437657760291,0.33492485066756,-0.108589044600728,2.71404233989297,1.12853130656187,1.19638249531755,-0.614197713683673,-0.105459822452862,-0.451341841924983,0.728403080511243,0.868794300015937,-0.370900584195687,1.36466567636025,-1.19692721922072,-0.791264051016684,0.40746075493193,1.03564685455394,-0.206743852308971,0.336442364767308,-0.279776085810077,0.426693447007608,0.8635365584483,-0.460637747485194,-0.490816581448832,0.684749680626701,-0.134062772780477,0.146322556863556,0.388397394732744,0.023846165234416,0.500260913406389,1.25209420344445,1.00123824468928,-0.3224835687926,-0.275884411456834,-0.234449460383567,1.47372175501549,0.852942381629049,0.858897705030856,0.449517361117514,0.131285943143204,-0.0953853784445232,0.616534477069048,1.16905509576736,-0.410894352710373,-0.243677909261172,-0.250607163173341,-1.13582721054348,-0.12780622233865,0.324301116320955,0.0629602220604166,-0.333109609848175,-0.17693394635601,-0.678080106270963,0.915689193025496,0.677506856019856,0.761956713376255,0.0350366573356798,0.244910083491626,0.00280238803682828,0.594708686446154,-0.593895013297905,-1.12508826949676,-0.546340208564745,1.33886915950565,-0.164390691025154,1.55355211242922,0.799630673760103,0.511492797977503
0.134279150230522,-1.02416986294362,-0.153085324634485,-0.119573116027072,1.30960869847332,-0.566197914316182,-0.535620315785179,-1.01920994969138,-0.107315378589572,0.747983793851193,0.936264169206076,0.251577049758877,-0.107850954800252,1.98329469372929,0.868002913731304,1.12247156491721,-0.00871782967624383,-0.654316108222273,-0.212601104044993,-1.27051485886186,0.398732846622775,1.01248258639859,-0.275509661786575,-1.68463907067569,-1.26603168407713,-0.817070991316489,-0.655936547370163,0.0208701396541587,1.65668520797216,-0.160262720984153,-0.185703279058836,0.401928071336445,-0.864242805627881,0.32681731756825,0.513036480772192,-1.0562739086756,-0.3115828967322,-1.89869554155287,0.304283288365685,0.0827676376260353,-1.62555353823128,1.23616386688259,1.75480776335848,0.0425128424333116,-0.035746333386818,-1.00347644456785,0.281626001886096,-0.597008621841728,-0.963984584291075,0.237084308519243,1.01016477621526,0.928541753084368,1.37654703276707,0.0308760602408645,-1.55825870751932,2.29606067063494,1.21127449315536,-1.15495253097676,0.045871734057923,-0.195969826171581,-1.01701353451607,0.490133394321709,-1.20921041827609,-0.02448043109709,-1.9910527297294,-0.528994041324528,-0.330861174874156,-0.522704721310153,-0.244767950780527,-1.00167086748984,-1.52698797184388,0.416889683393633,1.31006671943628,-0.282539707492057,-1.44949247556392,-0.151704014256766,-0.0296533163399063,0.571425589679287,0.281102208170345,2.42873755190082,-0.126212676230381,0.697797970762567,0.706656755749673,-1.75225153893644,1.337592024792,-0.999691730007843,-0.0370979711305889,0.508260284193174,-0.259215970540191,-0.662635498915325,0.757837342872804,-0.850580698875516,0.639443386779417,-0.0797784140141369,-1.28828601428,-0.571008824249928,-0.650686238881703,0.90553238340845,0.636755945621901,-1.13338645835867,-1.1418093283376,-0.624614279343351,0.626398009700458,0.600867795479445,0.705199377782842,-0.756753797166921,1.60640535410898,0.16937724543808,-1.00658298162686,0.230587318167908,-0.0398642682824933,-0.0914659068912854,-1.93300283179695,0.662427858185751,1.78960116530104,-1.35271991204765,0.657616312804749,-1.16485379629519,-0.144450869482338,0.0142269168530364,-0.607671031706087,-0.725500433526851,0.751206395516261,0.730416478207902,0.497315029466138,-1.00952630696969,0.494174834721733,-0.481273795814308,-2.00024609959009,0.24704675775651,-0.337339155810597,-0.40326439853148,0.188120732652103,1.78235826752321,-0.611638183820358,0.833225504325021,-0.424690395018367,0.318615227934403,0.68077153645646,0.545698716229012,-0.36821846640231,-1.82991800247246,-1.63355401653388,0.084211942645756,1.18454929413074,1.02038921516221,-2.13116464285518,-1.12736554349903,0.662942041639373,0.598923524050971,-0.398568324652436,1.31478124966087,0.36759392787387,-1.03633022327076,-0.825243541392113,-1.21650537713029,-0.485248000991286,-0.962285269446693,0.830338272500939,0.297922319717056,-0.584491887779548,-1.07675735444699,0.421507686046562,-1.21618431901813,-0.948657224053983,-0.0238252114506763,0.00330796745221085,1.76235447034371
-0.475927488480788,-0.125814305293104,0.630104369478808,-0.834996717165988,0.0801548458540349,0.153637851593083,-0.199851794964998,1.99136646162115,0.397384810140535,1.20108965691202,0.216344964958024,1.06309033936078,-0.783315668365079,-1.33002197676043,-0.128969037335153,-1.32221315312307,-0.322106044758391,0.0180427666865582,1.07521023331206,-0.379200458849565,0.776082595816629,0.292614469594257,0.449090193114012,-1.44791511544998,-0.253484426497546,0.417563851100695,0.67177519229379,0.00155970567787583,0.0306207418593566,0.132235831416399,-1.02790459225772,-1.04216117537669,0.414285818592189,0.329150245372006,0.656327987069887,0.316019677894125,0.115303276052567,0.809147724450127,-0.445175146396754,1.76776009638166,-0.757248183906578,0.672203609415221,0.170651846848294,-0.467906984411865,0.130986165579272,1.07771803992905,-0.995095989145752,-0.232624120696205,0.392405527593664,0.781576396192401,-0.248770143131741,0.382571766608281,0.505368559044918,-0.824166202838972,1.68022468286908,1.09944519560848,0.485008592477821,0.402186729081337,0.873457274529129,0.772847281982911,-2.28128360627025,1.60177576426001,-0.388584365047178,1.12313872403249,-0.39305575041888,1.22522412768889,1.56799417514626,0.0181399084470851,-0.735107221413189,-0.60270069283224,-0.503924554184665,0.0266711146310701,0.078258779692953,0.560778999789366,0.502240580938865,-0.0338863633804356,-0.0068068060034204,-0.0680699291851422,-1.239998600098,0.0977741223624529,-0.0590231820138532,-0.98569956778247,-0.118965737935499,-0.755236555791416,0.00466191958989254,1.15291188008487,0.336222787152242,0.51030534079376,-0.811529182846199,0.64852899623578,1.16217482795346,0.450231294275656,-0.469935285257968,0.40358127909803,-0.115802038301845,0.69136542930095,0.611303766868358,0.185435551426501,-0.694354315327331,0.639297087917518,-1.65957550571498,0.425298323426323,0.832845316332654,-1.30279915103646,-0.265917430478703,-0.148025105516979,-0.185159190678407,0.202250115080406,0.156373748124305,0.173963938836862,0.575549164028298,0.395068959871155,1.7567103109747,-0.148800349797892,-1.02566093041782,0.614000528584029,1.07377349926037,0.0748680648908143,0.651582033860793,1.49006593016204,-0.244675185947611,-0.0520070593629643,-0.517856102660247,0.315637613697284,-0.197495189333842,1.58259117051306,0.267891780964306,-0.129937530748931,1.22173991351373,-0.464037115705283,0.321624760222154,-0.908339400831992,0.25644545428176,1.80874743207923,-0.968475502564559,2.38973676868128,0.189045279752744,1.35323415241712,-1.23401776208245,0.253010225095275,-0.129031047299845,-0.436780229205428,1.13374624133498,-0.608337142821602,-1.00176695625799,1.77707524494307,0.443893069225209,-0.00212551938577321,0.272903243162025,0.768185504307603,-0.497746482077783,-0.0465390154111879,-0.41133285361254,1.51079520364799,0.00560693724618017,-0.74381794489564,-0.29198285238854,-0.586461469817029,-0.30824356133887,0.57734804531172,1.33126259982228,-1.44560791965794,0.884320657086611,1.84010952213848,1.27516172318645,1.80880637385997,0.620784261339694,2.05568423413424
-0.302227635913568,-0.979625277265139,-0.0699694716286522,-0.440923221693687,-0.887502170404104,0.667029705672648,0.716176092274484,0.862240646625118,-0.24731206707743,0.259303165097906,1.51166848267644,2.43708069955271,1.40446183285076,-1.31290214961523,0.987748916098486,0.976388156187903,1.45822719274476,-0.65989608158482,0.651033375846241,-1.31647607734508,-0.218802351708093,0.404687766225609,0.766436263764644,1.1635047347006,-1.40452252208834,1.9536788174938,1.19887955130225,0.443946281766789,-0.421204437634281,-0.351861982474815,-0.50781534201884,-1.21096362524314,1.77230039401456,1.19932763250401,0.274257883277171,-1.03713452745599,1.01846262870636,1.58595146211211,-0.342513998937656,-1.57451139542366,-0.742703157682726,-1.71763785741188,0.144011379974675,1.04148458521525,0.262591514641199,0.721496175008576,0.27110716580832,-1.35206491581804,0.221383081455395,-0.0787797517774712,0.566170577375503,1.50547392434037,0.373323363042391,-0.454528948952468,-0.773266922123232,1.23333091838021,-0.0278470429658127,1.93121016676383,-0.0997844214894879,0.534115426827087,-0.457832767773417,-0.083653728439312,1.58052766357551,0.902097513733839,0.198636029237564,2.50437138639662,-2.76935715231808,-0.881644945676544,0.969544932589792,-0.408722621722891,0.682589922822818,0.638996851473818,-1.05450665401519,0.985138931700856,-0.0637246515071531,1.33503116269891,0.209924266839854,-1.02275026584416,-0.0710585734856973,1.69356509443365,0.552422091103722,-0.341615115233823,1.68988255978465,-0.227551209470934,-0.632041917148348,-0.51581601610795,-1.11819009056321,-0.312001476368045,-0.682513369609034,1.18448111541662,1.90977333434433,1.35218098551003,-0.586257502852574,1.30776410386417,0.0348541782862903,0.621027402521649,0.22619363511672,-0.298096944411647,-0.109876819699594,0.136711331926093,2.64603830775785,-0.317288690060288,-2.4674717670821,1.14893895685702,0.37397839301135,-0.658252687414569,-0.829193752104304,-0.897464603838414,0.263340809986067,1.16876157784142,-0.505486516351952,0.389695837741115,1.30979635488965,-1.31208553050475,0.29706485642227,0.053924445332732,-0.889005597603281,-0.145239255372929,0.253043274884004,-1.78256392798216,0.634526093741938,-0.307851037070391,0.630875238627386,0.482730170711827,-0.00730886826277563,-1.67068570391882,-0.803215055552111,-0.781900132341225,0.116518277014253,1.66601398097043,0.41488642319844,1.70027564483256,2.14903518912887,-1.10642718845831,0.0852160297266676,0.739471850741662,1.02469480195017,0.734276787930938,1.29242908972996,-1.16080082251566,0.267687095715791,1.80542528640915,-0.593917401978104,-0.101047855618283,-1.22298545109576,-0.704804411304561,-2.6106037486346,1.73659677234146,1.46618750224419,0.368725697094005,2.38998020065941,1.61019829068007,0.880978945767554,-0.892275732507184,1.18664230467363,1.1759885801936,1.61489808340156,-0.416579659448634,-2.15177403200072,0.734346683068871,0.0286081084125634,1.67680618263853,0.634555897059236,-1.5632866142759,0.253914107308754,-0.0208748697430926,-0.795187640672684,-2.66924157734191
0.0587519439009501,0.445237925591613,1.21575639008065,0.95038412237224,0.807431007561615,1.2569356935883,0.331669981865353,1.36420882330816,1.06832625211075,0.364548374770961,1.21955767819827,-0.699602097390264,0.988059704272693,0.627082249574938,1.16195689895575,-0.291849913532211,-0.427750689916047,0.777110365495052,0.463750487750318,1.07478021035911,1.31038779886984,-0.54932693185395,0.278932970583369,0.0852461858360749,-0.0431621678862615,1.01828886314793,-0.0751030244830263,-0.0130129054165524,-0.113327184131764,1.0201744155601,1.399918948441,1.29999859963674,0.678276404527431,0.819839791065679,0.16218806377808,0.222831265075805,0.327534728516973,1.62004213706685,0.819742255633356,-0.316507904816319,-0.119749072639565,0.609894522557536,0.716535673260785,-0.74285121664133,1.00656866458505,-0.975068159097904,1.10772253645163,1.15723122572167,0.859851624062364,-0.0738767271107107,0.866360171402144,1.01520433465632,0.817880159956213,0.302036675576942,-0.589936635611967,0.398966067290442,1.15174656539644,0.50283646162865,-0.452140757451352,1.01094524133152,0.484530406830876,0.453475212216128,0.538631664632303,2.05524189533073,-0.28905479848807,0.893897560809767,0.948755130761651,0.603330257708406,1.17598053449143,1.11210958478068,0.902350025978309,1.60696949242556,-0.389314270175479,0.936292177977801,1.09267340983741,0.988743016155295,-0.151310246931545,0.118437398668403,0.186895069900645,0.148141525168705,0.655515761751003,-0.141836276106231,0.285034680770115,0.390660915906442,0.894328730331282,0.889411441898524,0.28594950934888,0.198909706280516,0.196099239173269,-0.567930292062707,0.135201065119342,0.567621387339044,0.889795616999527,-0.530022603328032,-0.181503094658577,1.41742405457663,1.48717889269313,-0.143771022296719,-0.435293679805251,0.145125929721652,1.32828431021682,0.803951137566863,0.996970399718484,0.327873406795596,1.92192804332749,-0.581102638363486,0.47564669826376,-0.0188833757772544,-0.0523790386212575,0.437039542870152,0.604149600660531,0.692854980022516,0.437759635239404,-0.857243152013033,2.23855319598337,-0.510500747295097,0.594242468373793,0.711702196217472,-0.100067407966637,-0.392685671598319,0.509534474530462,0.703268200571615,-0.822500447183204,0.148156803150923,0.625731151667942,0.872134145212248,0.310017328769302,0.798852406704119,1.04598927361785,1.25415573339819,-0.518442604505785,2.49131115824108,0.160767647042347,1.29498382314423,1.63232427967964,1.17118654316697,0.918258946457497,-0.281245028833786,0.888938641374235,0.688360029360405,0.214628328834203,0.550503478960966,1.07492651910199,0.0359123714722482,0.530362023218224,0.580731955030475,0.479113000315158,-1.45847045410828,0.477409887245755,0.466721116276747,0.35464415144475,0.624187698117359,1.41300641868032,0.653402878298253,0.87827048886309,0.518999162638858,0.606043077984744,-0.343600905644298,1.19569541346731,0.934176426061091,0.521110297432388,0.204919285254941,0.120273630371183,1.31165496581356,0.609159696779835,0.406140726041109,-0.20339800340013,0.354717933212761
0.539519212705123,1.55406453107028,-0.428866220659781,0.731716492149801,0.636600435861059,0.284762069420262,0.116947958196122,0.981144422431147,0.0716528942761935,-0.485568370104962,0.463629359698319,0.847644210265564,0.49991462421369,0.661260006757169,-0.20527945174863,-1.02221916593548,0.540848126801757,0.251025948456486,0.425285192275628,-0.0985073279055117,0.585166537554203,0.502700002974298,-0.379691463356719,-0.333385193620862,-0.558812278935971,0.171605286942085,-0.0630244036300998,0.539686503234872,-0.455219694729437,0.732628546032794,1.03297237725031,-0.325342500172241,0.39460074796085,-0.490626685985675,-0.707939308484897,-0.196490624794303,0.283308231577552,0.458567030570355,-0.147398703206023,0.672985850322561,0.835081531233766,-0.394434699267237,-0.00778842011739578,-0.650348630645364,-0.124770343105174,0.264978333642217,-0.308067897370728,0.528368753077611,-0.152055303211291,0.520502559513169,1.3987372087203,1.03524993805366,0.962044640172712,0.0435733623449959,0.744586481694843,1.00638522547304,-0.141954970447938,0.246009304697811,0.203241290805706,-0.560040650124893,0.325673441732166,0.227602771871731,0.834446557623283,-0.824623182121676,-0.388997991521207,0.696167102153615,1.12696275410507,0.648080788500143,0.396797059952809,1.61298858627852,-0.939962535967707,0.574093206069389,-0.49456111238304,0.275213728052714,1.11656762550898,0.724949544116331,-0.598346279173143,0.228942769012744,0.711878614202673,0.677353306048061,0.731614003471719,0.187488395272708,-0.570209186371247,0.389652277764475,0.524933467075378,0.324196761312921,0.654313841635805,0.321242104848834,0.137905806367449,0.796277832784356,0.275838877431239,-0.579200744093357,-0.252284435227554,0.29491282169219,0.669134350548686,0.154656091019411,0.483902329942972,-0.16183371415616,-0.241425958097636,0.737423355274948,0.642409028062513,0.941805225816981,-0.051789245740867,-0.0772381888040015,0.352158897317201,-0.25570818067399,0.934363883747327,0.346249395695391,-0.269937572505691,0.792668188221361,0.23578978177394,0.813043693925562,-0.389721227015424,-0.582581705034161,0.26023029686647,0.803721837846286,0.886669735977213,0.25451368432781,-0.248655732193165,-1.00184135192827,0.73201085402169,0.041167710795756,0.0172415601441872,0.794410680748494,0.828876262132544,1.02067122332342,0.325979624761027,-0.689592254074732,0.638372496254035,0.832012187166272,-0.111706209047218,-0.0580431383013206,-0.3368011156555,0.34825229212816,-0.818829194876482,-0.626858256894129,1.12836687021598,-0.224775559550759,-0.386968312432131,0.73838973796059,0.344437329066642,0.874545799769099,-0.631045053272312,0.362710852100226,1.28787381336121,-0.242451835250615,-0.805192533839513,-0.0236458352738373,-0.278863234231037,0.72002977686819,0.235372311291463,0.669454057362448,0.977304022818997,0.435106879063508,0.97419196624102,0.68179591233324,0.650433376644447,-0.854135987137642,-0.493474702944402,-0.340698092114782,0.295451973770614,0.370038937957572,0.110863905583138,0.614681175361977,-0.662464648960642,0.958095203792115,0.0959932250810052,0.0382567670038522
0.668375423237774,1.54574324973328,1.23422232766495,-0.413914294687825,0.813058551702841,0.744081293746078,0.827436602425394,1.53849306887761,-0.1669248372548,1.13943071381359,0.584206804646905,0.444037261490815,1.75922267531688,0.331461619919151,0.844807514118295,-0.182247647121322,0.0186191466595773,-0.310682887104861,0.93595557964168,0.202901382213238,1.46025004972495,0.123334159714496,-0.507805122898034,0.210546963410887,-1.00330464531978,1.33885469066783,1.08060344545281,1.49650591566282,0.427496184070416,-0.0294718375251061,0.355561308547656,0.639664472224262,0.724778124954112,1.47330895248409,1.3990405505791,-0.547488405672009,1.88392603016934,0.288083554390716,-0.295222887140304,1.61738093466,1.33960237555945,1.50933694035505,0.439882371482379,0.974450588624796,-0.234081330066915,0.971294404719896,1.77434845759048,-0.766743779213442,0.315569417988208,0.549060892991189,2.94837147314878,-0.163976122488287,-0.237332334793703,-1.61759068061284,0.457366711690322,0.877971372070997,-0.0835596318178888,-0.354957485114387,0.0760091796768168,-1.27099475747455,-0.154475036647978,2.16203718020663,0.288816821133135,-0.812013668925774,1.80379755139886,0.318669625171818,0.180133239252332,-0.413212013780468,0.963400067735523,2.25487579276696,-0.0738146402705506,2.19600319981502,0.603634648254911,2.43846751515068,1.0435408913324,-0.468793392882086,1.06427542917316,1.06898236492471,1.25661643496749,0.182718032642957,0.934717160581958,0.708607563444473,1.85181645736663,0.0496204031602742,-0.498415513219961,1.49760252730996,0.126132510112522,0.936878867381232,1.06132513581912,1.3864522170181,-0.0898602180141953,-0.0324097549608611,0.103734576049966,0.694897903966565,1.21895373599661,-0.423488887934861,1.11106880429942,2.13666116161111,0.295909902571669,0.190610985300426,2.48297637941682,1.76029992961901,1.05600855833844,-0.653665629068929,0.82940368751387,1.95685595105491,-0.807526448230133,-1.50679379320218,-0.5151457124997,0.540217116501951,1.37915182084477,0.582789815005372,-0.111762747015866,0.870823752404604,1.20023312772345,-0.0468135149224257,2.26780915441204,1.14542062289398,0.683324623781788,-0.080790613881872,0.323650292165276,-0.116212400758337,1.06558564647957,-0.660075230693811,-0.423520943791792,1.08995005252486,0.889317094170103,0.101211076967015,1.20832664847362,-0.0866192433975657,-0.175683033992956,-0.0427643247819407,-0.180997153006118,-0.133561121350353,0.102691842329853,0.511955535379561,0.489602190726681,1.59645718454926,1.37295987763873,0.118222532884686,-0.236556427824493,1.62003607395135,0.569016224474471,0.377766628650866,0.652794659312131,1.70075267228932,1.27106928312473,-0.336182244929142,0.475114340963986,1.78068368800008,1.15584463191292,1.84734948294343,0.509578821543718,0.453741001222905,1.02214431484766,0.73176848048974,0.936655687610148,0.344028976668079,0.928205073799326,0.373676059048294,-0.166593221777779,1.92960554133984,1.77776090398665,0.387942613291635,0.331681349077412,-0.108620884339076,-0.577154996175902,0.362981770951544
0.466484283422721,0.441878138505414,-0.765256398799857,0.822695149570306,0.783496604408299,0.697090853304822,1.28773069791654,0.848359777333217,0.805701799289697,-0.0612763138591531,-0.327804851245224,-0.128336144302948,0.207090218476397,1.60308518166011,-0.580639907546906,-0.357812693472379,-0.767108934441172,1.02092773065548,0.0490158074217434,-0.297953500569081,0.444984766837369,-0.217608805843936,-0.129045987399,-0.803727277447291,-0.844849841101484,0.587248637401109,0.0502705265681701,0.676451328889394,1.06422755693525,0.335579147185836,0.907678351169811,0.58511560817279,0.322090305494491,-0.254372039279816,-0.611314188107591,0.49228703380429,0.818115531129283,0.287144694893212,-0.417806194538011,0.671641865936641,-0.00329536618439907,-0.384087381339167,-0.247053539288245,-0.140031701810157,0.245623977464598,-0.8579792910425,-0.15712486103638,0.489378511984789,0.0831069275971465,0.21558095549279,0.153421036341622,-0.481457060747515,0.191459348268353,1.72122449221251,-0.73453505896434,0.474811515718415,1.30036686750355,-0.33507663755382,0.335539092547397,-0.390291817762409,0.808400169613259,0.40379830083619,-0.85826213803066,1.99313596123191,0.300581491845979,0.286257015708315,0.840439628112085,0.00747816499275461,-0.303141963772402,0.488120452685259,0.697050640854222,1.1811344076406,-0.558520907088631,0.302884616485212,0.485924698161,1.53520976898563,0.489483018349782,1.61511361754354,-0.128538273772923,0.0429069441559529,0.841878129721904,0.574258104675464,0.663168472548334,0.374633937522636,-0.978996173812491,-0.405078427544851,0.0759065165640577,-0.177518076316926,0.519456799378811,-1.30922331663672,0.647536365552477,0.0394944627231494,-0.191033805506363,-0.622863856272293,0.354666000022035,0.429970183756695,-0.131640726868697,0.782776865232702,0.172630685121936,-0.919908084819145,0.142371136761854,0.44045214896845,-0.013274326013755,0.044777222603156,-0.220700472045523,0.714760347073562,0.825113382454125,0.127584363750284,0.0564544801699835,-0.154910904961052,0.390948984900772,-0.221529980986513,0.513375640677016,0.442480082491432,0.478236798100233,1.57556735897491,0.370002896272707,-0.151836649873124,0.12391746548755,0.673228312038758,1.37351995819497,0.191493797427246,0.878215136317421,0.701574771015118,0.673028531648826,-0.215513569967384,0.0840096866609706,0.753445016024578,0.760299334443794,-1.12471790748484,0.134964917635274,-0.179212349794674,0.279449234534541,0.483409274997898,-0.355777379911639,0.230151536083533,-0.283627300248717,1.36817116133433,-0.761172716131242,0.0320564839279053,-0.138697473803194,0.612770689550814,0.271607045256389,0.490603150273247,0.192550779684672,0.899115754778463,0.662898098719841,-0.170631735242083,0.0594622437723704,0.581129963282601,0.159889137893804,0.321318339959335,0.568069778615859,0.640633949812178,-0.782703647387998,0.225142987218296,0.930315174495809,0.0631149094702113,1.30369329860723,-0.021970199051807,0.257752675179004,0.235820600521604,0.442604121999773,1.30985347288269,-0.110566972429035,1.39785603012897,-0.1604319755147,-0.244511162408745
-0.408713492719127,-1.28659889787262,-0.578821145829073,1.78588846994541,0.100823266298517,-0.266303368383254,1.6475753090883,-0.255837396417101,0.27760604050501,1.25310692068273,0.492329441996009,0.322337341224865,0.865044363660919,0.573674298749393,1.27611101613565,0.243091402265078,0.275408138896459,-0.683335047606692,-0.0454218143022196,-0.417885970066017,-0.50305930707019,-0.498903325880692,0.366922246836975,0.4216927533247,0.437941651230989,-0.473370691873157,1.16981941222151,0.513301492943434,-1.02837586130738,-0.339621584470259,-0.715498403998552,0.888560374463614,-0.190734822727458,0.404227357190681,-0.246548943658715,-0.663176782617307,-0.986519194535801,-0.904208829090368,-1.12141113445612,-0.119964021680639,-0.951138299291879,0.118339033805419,0.270020739811386,-0.644524816482907,-0.274470735689011,0.33906535667735,0.144968600718393,-1.32395373651496,-0.00369654630309414,0.198200145272369,0.0843113060573764,-0.136380423087935,-1.54982376818557,0.177196334094558,-0.892147327744067,-0.422823725249378,-1.88066687481734,0.15615623170998,-1.2560074148893,-0.445078030074961,-1.08901310588515,-1.4890209659968,0.339964539665682,0.00344626446079599,-0.177776759496643,0.0897338530684258,0.649114091363454,0.18031298992666,-1.19883967072887,-0.109172267267343,-0.276010051715735,-0.683427256836955,0.961928624466562,-0.0961615514892546,0.562007512413339,0.420648505238176,0.215024992539756,0.0150954862524336,1.07080723837176,-1.07891805177702,-0.569989502680803,-0.571866454101025,-0.0422969698258202,0.774082490373248,0.35313638243676,-0.676822265178309,0.11281923728585,-1.0458430570558,-1.63269246848503,-0.708396048792028,-0.361632050989082,0.132146391180417,0.577517483514288,-0.994701077694991,0.126834006446891,-0.243549983180008,-0.727715250054592,0.821195594209965,-0.256000573706661,0.107600097441521,1.65331144873306,-0.81016688815929,0.101312301961409,-0.121211436076735,0.419907070730713,0.663246298774936,0.211607128976272,-0.37181817586441,-0.35394197720939,-1.62238590613052,-0.926459731132863,1.63486948507396,-0.0776969149628055,-0.291248244530353,0.095986743433043,-1.13436527914068,-0.86505394741697,0.658597776840898,0.209234637520786,0.0190654802503345,1.00700247772951,0.887007792188307,-0.521868810047388,0.375714038932943,-0.447718314771992,0.278977736094571,-0.88048926735662,0.00144713475492887,-0.480912491638358,0.554948503206912,1.37671658507295,-1.34553209588995,-0.59644407206771,1.42284151037779,1.37355109995205,-0.0248548616477184,0.439553490985786,0.0318873511908873,1.55620096167229,-0.158065759252194,0.6408469073035,1.00679842505326,0.638793180242303,-0.755745077038021,-0.232036088109613,1.38499623210876,0.645910316117131,0.291472900367601,0.0381432120502165,-0.316566801488485,-0.748405511596579,0.0608612373993824,0.045516192190883,-0.0981689483603146,0.532249671191795,-0.0679641781004311,0.0270675076744576,-0.635334505906672,0.840449154183872,-0.23928015518372,1.38650719152819,0.367850610206433,0.267460823923024,-0.67324136791679,-0.765229162294113,-0.89929395600981,0.701575827648781,0.350310870770854
0.417476800624755,0.00431890991840483,-0.37531786511309,-0.873946937882928,0.0773094717482617,0.147338018267269,-0.465792592035054,0.586274952223005,-0.765827124621304,0.856229543769246,0.162926023690562,0.919711901627227,1.13648344092635,0.212273677810314,0.541642256152113,-0.953462908905156,0.973421983933125,-0.073752013606865,0.510737976782048,-0.56281050968724,0.868934477458225,1.22729296823824,0.112581135141317,-0.718420813482711,0.454797460034294,0.450483617084756,0.663160012926032,1.18302741066548,-0.284644813353786,0.461445809309284,0.648823556193046,1.30028464045549,-0.272568174442768,1.14645724052169,-0.860517689154348,1.00843378157497,0.379219455148475,0.223292614430223,-0.0254351327716571,-0.02671624377316,0.208396015442997,1.46721893236722,0.462785761545446,-0.422752335951233,0.0561551881512993,0.050666597751997,0.786165816816628,0.197478001602575,0.187564289760032,-0.0358995658738273,-0.958879494542254,1.57995114057964,0.148723565617576,0.0392853733636171,0.938644061741633,0.736923306685928,0.710843947296139,0.316565590825752,0.963559950817671,0.387392861906842,0.673485869740195,0.302885028075003,0.713532335699603,0.600704644892727,0.227977645732847,-0.382846166712371,-0.319386556195253,0.55564921349507,0.370972465151643,-0.959208242800233,-0.534475625208904,0.22810352592614,0.793368126078239,-0.0143152162565195,0.550304642031497,-0.145490433758998,0.368410326961501,0.665954198468864,1.17976543639483,0.268746996336942,0.349818919823145,0.115090344796238,0.382470176989776,-0.203719062010472,0.796889417702094,0.35320543957126,0.698341832799289,-0.33100119948404,-0.144496458540815,0.49989093981933,0.0815509833381967,-0.430459025036695,0.600966131486911,0.78159019649677,0.20694781726295,-0.745149995241439,-0.0805811432173674,1.01774162182282,0.575177636089195,0.524351050843235,0.62577027366567,-0.543397009360947,0.335586985554547,0.0577502319062118,0.200752836958655,0.826561090836565,0.555417202172178,0.550324736129206,-0.714117316585923,0.823199999905606,1.00399092309208,0.604650069580869,-0.241608938248344,0.120813016295926,0.366967547214044,-0.894608487911595,-0.174186986007064,0.71441112552286,0.690351676017434,-0.0422250273129984,0.492408737468205,0.652123353529834,0.275764912378147,0.24571779970919,-0.828519599591654,0.914215930325951,-0.736604601241086,0.327663786787821,-0.142692072558454,0.267227007117366,-0.23663341146413,0.185670322269242,0.4075203304093,1.13728145121147,0.317248697124906,0.994727390556309,1.37280564226544,-0.11526431436811,0.873571043830564,0.734678380620305,-0.167454991430464,-0.131101340366924,-0.326682872706007,0.097201842461168,-0.136047189287248,-0.301965909879801,0.61048480744476,0.66318638069172,0.232495249566992,0.184624733368406,1.78414768159374,0.0355572841062758,1.19047480602266,0.55433832195475,-0.240387444381889,0.293757923899851,0.148917884453563,-0.135561368673206,0.478966983091323,0.270345847930304,-0.94033639425283,0.897534384796363,0.115523807263747,0.987652981552374,0.350702537294744,0.132355345991541,0.982260156593494,0.628690183858735
-0.900100128152784,-1.29244846148973,-0.134098364419443,-0.848431530592251,1.36321372739949,0.443379514892733,-0.588480870232145,0.459337666284985,1.20773388285207,0.167388064561311,-0.121323467230531,-0.0714602151129996,1.27712333072343,0.637568755245832,-0.264283012739136,-0.420386639548917,-0.876806813594092,-0.587010789303813,-2.03293022291675,-1.36445700562521,0.586019663098459,-1.19313392864041,0.962151401712486,0.21888992231337,-0.556708380426591,-1.11931042109651,-0.204324016199398,0.841241023029803,0.0586376355156201,-0.27014461020992,-0.85385602573275,0.585434425447541,-0.490236444005229,-0.741510723122457,1.12215541179083,-0.636702654776932,0.496699539755242,0.0828611125442473,-0.368871994722225,1.96536440846424,0.492528834825361,-0.32086644249634,-0.296042576336063,0.0897162626695229,-0.206100371852799,-1.41954054191269,0.5676705920552,-1.84637167563893,1.29742010451343,-0.492109488332172,1.30294309002297,-0.0670675935570513,0.240195933676741,0.913825701559344,0.389060974364374,2.36985414369392,0.499284047819492,-0.0543715921721178,-1.79085701733136,-0.959345553730971,-0.629005600124039,-0.656236166619447,0.654935124793761,0.204413535778999,-0.0915242878192887,-0.55381414165858,0.0271465835000325,-0.57546543482978,-0.285119974472693,0.0203053848765449,1.27953728361705,-1.30333082329491,1.17809946231291,-0.562135700508514,0.123357767676623,1.02590496265024,-0.920473855084543,0.243082948041095,0.311421778997846,-0.0407577733646442,-1.78627735322415,-0.378396267948286,-0.608192480660004,-0.221980528231958,1.08404274976986,-1.38170181692795,0.246460891330987,0.671634228894087,-0.311417108357435,-0.081056454259778,-1.19707706877059,0.646178308659838,-0.493388526663851,-0.0220348430465281,-1.21074308984439,0.308337442357406,0.982352588016686,-0.763899311372696,-1.27049514954864,1.73647069435562,0.853473439473747,0.00725216638889392,-1.8468044143994,-0.553383681038317,-0.24788724974007,-0.946659438879283,-0.0721263767277224,0.558012978240101,-1.37884938921328,-0.897181547033324,0.0908956582193855,-0.259108204217,0.341606650425873,-0.563893708004086,-0.255476913102958,0.615023059562016,-0.0463649927933201,0.516156569154312,0.494820867641388,-0.662910333413178,0.973121562576595,0.0688244921657174,0.999689314869075,-0.231503410458742,-1.05445691346595,0.728645507275439,-1.53548894369211,0.866766430122194,-0.0993334009043307,0.971400779459377,-0.980280743901232,-0.367697894332461,-0.155947707006679,-0.839683551845709,-0.788015503119466,1.69846839133434,-0.0194840033352309,0.667474238838722,0.669932424634344,0.343078368589458,0.748062268147954,-0.0677890707522393,0.481777473167172,-0.59334167451768,0.415698639383003,-1.76719702727476,-1.15231432657271,1.31062485244557,-0.208293085595632,-0.482111967223142,0.942523221115149,-1.21575597615191,-0.115241069844473,-0.7087804525403,-1.60295424780775,0.0835489268072086,-0.208504960181558,0.478563014800396,0.238195778136994,1.07198369096683,-0.858321033138017,2.27609598434294,0.121118523928837,0.369230220710292,-0.708374253070524,-0.104605858841753,0.301931956331822,-0.209383603031242
-0.76148858456129,-1.65587267666761,-0.731075659681648,0.06205687144607,-0.754130337459064,1.90239716696506,1.42259488213404,0.429529958386033,-1.15817597885597,1.8861316267245,-0.518174414584814,-0.0688548511917215,2.33180571088592,-0.226045115736331,0.323487949073987,-1.15373886933037,-0.977285483540626,-1.47874236696754,0.487185082814337,-0.564793374959505,-1.46554028280601,1.01239751724844,0.349569149016212,-1.28117764771758,0.0919873935238221,1.86592349226261,0.550138247259356,-0.177117102295839,2.41688283392283,0.941827332323071,1.21312180258242,-0.839093218752871,1.58388553052473,0.537737704581313,-1.74717812515703,1.78782042799562,-0.64646781953021,-1.61024151634444,0.404913827107035,1.35940991628437,-0.450037870005085,-2.4152235770727,-0.721567226168468,-0.321527657539875,-1.7847134891375,0.030301827778601,-0.418743048023293,-0.264742139970504,1.4279092883322,0.352677377370446,1.22178492903335,-0.166757578335433,-2.43258670033023,-1.93727834164831,-0.282808382580698,0.482071056400231,-2.25757646280867,-1.98560052106222,2.46661575239622,-2.19329593346761,-0.848282203498931,-2.82159553069366,-0.576782317759544,-0.00266637514958695,1.13110361001857,-1.98796032838311,0.17844070649497,0.615469344093241,-1.67622546845164,-1.30302932772992,0.888770613689975,-0.0442882822550634,-0.939406400977755,-0.292214745304115,-0.722973687812622,-0.791167333252262,-0.234947675843372,0.564113519535678,1.27551471243783,-0.430891664378943,-0.344262069053941,0.444647380506267,-0.336777186503207,1.7199447805064,-2.40286308016055,0.269018506414937,-1.06366364104908,1.18267252243926,-0.602529974808383,1.78991997911168,0.296025543412269,2.30323487697639,-0.197215810232212,-0.618133762296915,1.01581658712437,0.897239496918285,-1.46933444584384,0.0743202343912559,0.543277086202007,-1.74788853486609,-0.575621682077517,-0.106385997355525,-1.06359039688686,0.0873400168142578,2.27683402019536,0.0926851059904032,-0.221800930063069,-0.914695069620086,0.586963375884429,-0.948741421720754,0.937812729625521,-0.478218337592019,-0.568475652009755,-1.04733712228141,1.49683126051021,-0.999185855399384,-1.08697199520195,-1.22909653075669,-0.503860983228138,-2.05881602099036,1.15141641813002,-0.53448066765291,0.672384781723711,-1.28691235046897,0.353826315251352,0.622532150873064,0.175421179442281,0.461962414048688,-1.51609712452646,-0.798773549336747,0.0195101652814453,-0.20340797031455,-0.595886530223013,2.45184115959845,2.60681809049274,0.774255629818959,-1.98692515805115,-0.0324755622219093,-1.69076150046182,-0.578153261577033,0.648804836066263,-0.496289064318781,-1.7190996095926,-2.3986028192887,0.329117596405192,-0.171831201302233,2.16323266347451,1.10339863974916,-1.55490020669539,-0.103599684482673,0.803422891192979,-1.21767982560742,1.23815987150472,-1.1420952071839,1.07320427933209,-1.29574589906982,0.187438358706143,-0.936015189653387,-1.03662051690715,0.250587152808321,-1.24847510506791,0.760336832843046,0.148378947430626,-0.548279125715238,-2.29002293979507,1.92839002179074,-1.33698761845693,0.240488406273283
0.750174757986234,-0.628123801004866,0.563101509020534,0.531457823860147,-0.00921967798270472,-0.85342477863896,-0.0738020073675223,-1.00819115149588,1.97154847769843,-0.953563135061786,-0.891481584104958,1.34706748169791,-0.0889519385098824,-1.21085045584927,-1.35496144600244,1.47745274501088,0.408246001029577,0.188578010705512,-0.303064554484625,-0.186815992073384,1.26642731637362,-0.325453621531637,0.953822422875771,1.88882930224751,-0.301690365142802,0.248315280743711,-2.56854427751325,0.128833261361934,-0.595713593659669,1.45763704411217,0.211622011495933,0.178094299607632,0.409384871818777,0.285599357246307,1.21637408718864,0.201533177115113,0.77606978299848,0.265663316229333,-0.0390112059527908,-0.632053457800791,-0.249092432881531,0.268989300490923,0.0600849069602455,-0.107594138796868,0.203802712046307,1.15265463266162,-1.82053130908002,1.41176441459217,0.0840514690504761,0.912926375038222,2.21798684879114,-0.479675210650479,-1.85743467776754,-0.201035473611602,-0.61483920639551,0.132085456524389,0.196776670718113,-1.62670861852649,2.07684680525444,1.05266905467022,0.360677016629661,0.0585638994726725,-0.0808187262838302,-0.027003759810716,0.161350168632347,-0.667784522540785,0.13411863590405,1.66192765434102,0.41668942283583,-0.297374884613962,-0.684763852279118,-1.20790724165175,-0.805118754102685,0.322356664874855,1.48320219264008,-0.106899513078911,1.41690581481985,-0.0782235482384567,-0.311781615785851,-1.00866912240814,0.118954480652922,-1.1397153698358,0.600669654811435,1.41460734877483,-0.826841030549192,0.317762497873996,-1.42263610259359,0.416276131017914,1.58701158092948,0.39471983982179,-0.955849966502485,-0.276271243746676,-1.54812264178307,0.0488386333690185,-0.463421376553964,-0.378295819485547,0.0751349308720525,-0.444414108702053,0.0622945174246069,0.953324722856022,-0.118815750706365,0.27764956345684,-0.981242706119972,0.698150226942396,1.72210890728814,-1.00296177017853,-1.45492826270336,1.62000581568603,-0.427274016691006,-0.3668312611459,-0.118802679776361,0.555295469421899,0.175162964986575,0.869255301793916,0.647541029053382,0.339291321490424,-0.715790958031562,0.74310077640256,-0.476615159292106,0.335881449981014,0.503880612851241,-0.144431747376511,0.428785942998128,0.545731203770849,-0.486133441914071,0.54199986293059,0.927824412431751,1.78832945616003,-1.03800596598042,-0.738577369594689,1.41053683303307,0.566459079786332,0.955611937596288,-1.37578691801586,-0.567005739560779,2.05255657702758,0.113105336790724,-1.36293627163051,1.3164237892781,1.2421140849064,1.19749504980231,-0.758290408018819,-0.280545202567101,-0.0400629378976393,-0.288641389449438,0.00877509353277703,-1.19900210116469,1.9041731581426,0.489020826640294,-0.623428032701971,-0.351512688573784,-0.649134469971561,0.926191837211874,0.359963404090811,0.0497012929599331,0.445166492204355,-1.44223688746987,-0.0892906577929705,-0.401079108264857,0.0131210887028211,0.95037204740905,-1.06986984190321,-0.881758043075019,0.186102307398056,0.262384768323296,0.346849090909659,-0.682709781088352,0.542989858917688
1.77510837878001,-0.29508226518792,2.27158168213885,0.101852767962494,0.0482822791869884,0.154626833533546,-0.191289406671993,1.67441292196655,1.61298276072039,2.27965362383405,1.79628108280478,-0.365508547715323,0.0339043047745538,-1.72948780196755,0.369702399447198,0.948067101999817,1.70734240225742,-1.77437991038758,-1.47849138227932,-1.03724030293527,0.709890366493835,-2.36562069554137,-1.4772793028542,1.00536600119844,-0.177252112711078,-2.05303183606011,1.23064220608497,0.529582664811654,1.2263875776048,-1.77637697131064,-0.0326840005685039,-0.592348675477162,1.59576892034383,-1.74673625288995,0.729486519689448,0.981690224088333,1.66273590722417,-1.62140573841319,-0.388096557478641,0.994143139896926,0.467963048105789,-1.00566423995836,-1.13230829370984,0.596557068036425,0.802562822300609,-0.941576316173711,-1.43554615648654,-0.705359392225947,-0.968583958515888,-3.15748847704168,-1.02759390342312,0.2193758130725,0.946184050905885,1.08615037338244,0.71061907069711,0.971273915582188,0.185973651503677,0.37915274339521,-0.693903324942615,1.24576565717298,0.704826485108657,0.943321482816325,0.523453672374753,-2.49358424056751,0.391786116373049,-0.987131770570343,0.307553414996329,-0.212740371573256,0.187455896315493,-1.4871226201772,-1.98061530135967,-0.886459557521482,-0.499074264729446,0.423420106539409,1.59531933662504,-0.628055642951241,-0.185991849640147,1.03486953842077,1.8820343075322,0.656939381907454,-0.40430684969744,-0.952782737113981,-0.39930296759697,0.456897509532794,0.529389120718591,-1.56708590697313,-0.192927995771533,-1.06211930042698,0.3856912208623,0.114798152821045,-0.719958111716933,0.985761220134835,-1.24064014306289,0.162492938133405,-1.04384374203668,2.24642682634879,-0.115367481649802,-0.746544336990152,-0.321894571892564,2.61973555709353,-0.0443105777690383,0.829927587828424,-1.0419974765948,-0.56381065951484,-0.376330886071549,0.602727475868536,-1.00559458439436,-0.245745943484961,-1.47469594750613,0.734470268912955,1.49544267039215,-0.979418274098024,0.523712608253116,1.13102968126788,-0.0207592023309804,-0.0511671854204377,0.00508644563341469,-0.93370437869025,0.770500528263974,-1.54513821418561,-0.401057413854489,-1.12329115439105,0.520482323317493,-0.194015678337948,0.759534346141042,-0.353905969194736,-0.525624156778359,0.343719880051692,0.87686746431778,-2.30160884003298,-2.5948782064539,-0.0836988104322007,0.207086263244543,1.96512778810915,-1.35932623408142,-0.464210412042792,-1.5901173380846,0.369114305453849,0.0905180894828794,3.03404561445259,-0.0845756165732361,-1.26340428311591,-1.25491604194889,-1.4914831911438,-1.26471846731339,0.661249954427937,1.88744833219258,-0.318369037387015,1.17946723940863,-0.0703504505536391,-0.857339206548188,0.447226650064916,0.170937069102316,1.40930329019667,-0.208616862861598,-2.06568535907981,0.139934794214618,-1.01917589566047,1.75083064041981,0.664666601205355,0.99538665720082,0.655641096395343,0.814579702924571,0.0547603669531469,0.0225773332615195,-0.0948891539459779,1.85605485326514,-1.7557201691254
1.08580751597287,0.755078234095271,0.0229645589186543,1.35270805095347,0.950052993222722,1.53177353570917,0.800871933264441,0.599670892848696,-0.313899843842611,0.412701368225857,0.44338826823545,0.112360182569974,-0.881923749167837,0.266274054272385,0.564296514825862,0.695425220849172,0.993510913297222,-1.05570358925033,0.916295738809637,1.31571806733064,0.946956554018429,1.51319877937725,0.554875638520384,1.39314021906157,-1.63185811224317,0.540205773951353,0.519341182886878,1.37286869227705,0.665389014189035,0.769872608750007,-0.0524573465211625,1.04269341591943,0.248429304071813,0.0474771541291835,0.643873165610613,0.659614775086716,0.891214244121886,0.916737976375306,0.938677529837487,-0.466780354241744,0.872202882765795,-0.764535314241564,0.0799981689288622,-0.0914344511149923,-0.736482858076391,-0.789449388576879,-0.190652372547228,0.39238769270168,1.60465236397007,0.364563533847317,0.323881602845835,1.47255935126243,0.759813165558041,-0.534392093907826,0.718619863741981,0.0514558780401535,0.0751774605163847,0.896268101488272,0.848628828622876,0.58882475742601,0.265729663306336,0.697251343965467,1.17234401749478,-0.17563701337756,1.57485906416403,-1.0326582772407,0.725786064705037,0.176915697699563,1.48727172085459,0.848429618473801,1.23328043580129,0.313511644921669,0.88194427754029,0.75875200093326,0.447126522403221,-0.791528974681796,-0.261977146018306,1.12143837641602,0.842731901100569,1.42928195096502,1.46446616893845,-0.233812033868578,1.31215757163489,-0.396965532831359,0.77538581723272,1.99457555544818,1.42686428906867,2.01297204980483,0.567959237620776,0.276048594496071,0.286941063347938,1.04127721013417,0.663460114814065,-0.147475418334649,0.774076103693953,-0.0675288859666671,-0.0191020826275339,1.19058988929195,0.333744901090257,0.654750151698348,0.524894223063817,0.485299640015252,-0.157312470049381,-0.258140460628622,0.433413563693115,0.194874428974503,1.00567628561106,1.28815947795533,0.26468803953065,0.64770870812114,0.252625433630078,-0.432959591416605,1.30750900774937,0.528251568522559,1.13929127038655,0.854825428176684,-0.308297021032721,0.259777577652713,0.499245634426686,0.703365866091081,2.09625144912666,1.68775674504162,-0.100886306132859,0.35411757121808,0.504448629082368,1.02138956838235,1.76086013012827,1.38238992053599,0.481467044505031,0.616903497551797,0.0226257852795593,-0.290801999478025,-0.12382478531831,1.03432546371885,-0.236676985547193,1.18227860593288,0.837446953640088,0.241056012505018,0.153360396684135,0.415148264657522,0.161912498240352,0.607767587837391,0.500433030560106,-0.560441120921248,1.06809780739798,1.2095494967832,1.72465357732713,0.521262565591813,0.0427612754041427,0.458601424162773,0.713819651281736,1.89921024216561,0.724070368989545,1.12266776072003,1.5608708852089,0.590752028908987,1.0487163484848,0.944383434467488,1.61105169943473,1.27944385725427,0.462620315580066,1.0810501197969,0.817330420763863,0.630809407999182,0.120429261265343,0.404645081013272,2.13401820841742,0.460217857941778
-0.542878578251522,-0.622678370810761,0.230505560450913,1.47338552901579,0.586199077682906,0.213875050667669,0.272627394292674,0.288689384211311,-0.177835601395162,-0.183266399235927,0.212011881781777,-0.0329212262495318,1.29101219913645,-0.141210512123659,-0.591582088131005,-0.980470154633295,0.619350676716441,-0.211028974384643,-0.0882209694318398,-0.0641371440001198,-1.06028574609852,-0.173980384033705,0.702545360688261,0.325708869000149,0.563940584476136,-0.635750954206045,-0.648765673912064,0.613523122609637,0.703619023641995,0.119805513088196,-0.140014580179336,0.461105430456889,0.405555715135743,-0.261486642963438,1.14119142227252,-1.02851824126905,-0.754742991572558,-0.174387429928375,1.37198319318373,-0.4145031370418,1.1602716784672,-0.335180060951654,-0.392031593615064,0.295327544987865,1.3813404819316,-0.088895402916433,0.313369848060814,0.312003023994482,-0.75221286960479,0.465051263038402,-0.056411457514419,0.175656045779105,-0.721929385957791,1.28047699860881,-0.373465483240433,-0.230892052516609,-0.657574215844553,-0.178331688901919,0.485969797960942,1.31758925916328,0.995966025969842,-0.178391337836124,0.932908841237811,0.712277118104527,0.210941033288471,-0.187548849727134,0.054044700642698,0.0903942002322021,-0.354940616156447,0.975040664216141,1.35552317166588,1.98770384054567,-0.248240966262515,-0.425009793079002,-0.0475530992186964,0.885777709862161,-1.41920982633463,0.742788986202584,1.14656300764358,1.04075918201537,0.365820403090911,0.599520366354391,0.972571497381945,-0.191177920660815,-0.242097593095533,-0.0481188486987665,0.754078212393319,0.179410563872756,1.59099552549898,0.528227383116696,0.696828332950187,-1.56044091255303,0.243476100178803,0.385680055744186,0.694894019933946,1.27607888370573,0.811296216270384,-0.252491490656327,1.54078778452253,0.705986896020675,1.53583082788475,0.0255178383406197,-0.0153248776988039,-0.228249789966108,-1.32693576725432,-0.463272657854147,0.0548050007999264,0.528880056001786,-0.308029897637122,0.362426640664486,-0.672531015451642,1.34108119453144,0.711188879218574,0.574749118188037,0.0456439436955635,0.786456470730725,1.33530896896636,-0.869094584596386,0.372624064201841,1.0118970747918,0.683184849821958,1.85170712794172,0.165756709397247,0.838861417413253,-0.0193928056318157,0.131953945458379,0.520479729962989,-0.092725246168629,0.497215091539768,0.484432026482255,1.9993461273242,0.0354708509900996,1.29433111312622,1.15843063933578,1.5515803176391,-0.283336008295867,0.905795059043973,-0.331759445060217,0.513328652416613,0.471384344208133,0.346420279144109,0.183932373243794,0.50016869773675,-0.156034250736758,0.768712015126526,0.60764760692816,-0.282086851654122,0.241119831342891,-0.478265814178165,0.310058375395366,0.846762583150314,-0.633021441747793,0.118931711062658,0.0691471854073948,0.587719336808389,-0.510894527584398,-0.919878858209247,-0.212904183635635,0.184089291298707,1.61631855681074,0.454473199054898,0.0127461237569952,-0.541487719847442,0.499993493251985,-0.895938827700472,0.373831956196372,0.33557628128373,1.30536873776399
-0.166269200066555,1.14816276327469,1.10633030767001,0.752336301543993,0.726830487205005,0.12966009643219,0.524552739783295,0.505125124393378,1.2644660294724,1.18314516663358,1.32708401231083,0.51473065151255,0.262666658636794,0.186936730210593,0.927613875292768,1.31479218052918,-0.73383715681662,0.121430917405346,0.747268649335609,1.75373619171087,0.0557611803882277,1.20414333148762,-0.613808646554468,-0.0351983279637856,2.27806502217681,0.168898348542843,0.363083837836826,0.652352412749369,2.0134229449815,0.457696153252352,0.1273443568145,0.983471749990573,1.31624080397239,0.179380749594524,1.54803922910409,1.63858996855672,0.321116609567463,1.55525232720349,-0.242536739102714,1.99615813947475,1.17938226070378,0.939916268262095,1.44953475342905,-0.942469771555834,1.4339195824525,0.0667606865340115,2.00437998892765,1.83050600149176,0.65735407178561,-0.088622824305168,-0.2372425345284,0.922156691943274,1.14609116562762,0.322000560067758,1.54427689264313,1.27218959622773,2.1914572739636,1.36402860529108,1.08045962395924,1.2735179019511,0.229546436324522,1.54799162416221,-0.89666157340927,1.20947492143538,-1.15101139268972,1.90167235044706,1.70343646699206,1.27387825480091,-0.858834802232642,-0.771175024193176,0.853707517206455,1.52237924782276,0.229971043938004,-0.771878821925958,1.57550806674116,0.680494893861559,0.617009391937552,0.210928607156059,0.0781169284826458,1.03147452879339,1.20380660821398,1.18008046557715,1.665056791099,1.10478852847567,0.0787545774067573,1.10641822204162,-0.437580392910556,2.21711434566754,0.15435327963057,0.208534564158674,1.58881418722604,0.102851973745217,0.35044392942123,-0.295378604912914,-0.463513898750868,2.32519315841342,-0.169871885526016,0.0521149168917547,1.76239680225452,0.776461604779335,0.738403575252724,0.236890815199399,0.546785574059298,1.19326951664639,0.267724703726457,2.21063388228343,0.149145011567297,0.397033613374601,0.258562083085284,1.36160411036409,0.149660838045238,2.6663553899445,-0.157226320915699,-0.421973979424073,2.59056873921604,0.650845596013153,1.27801325100165,1.3840640960582,0.515577702676738,0.437513589396916,-0.104818268754516,-0.976446906460422,0.203005465843758,0.0797309157711498,0.150321947731488,1.22849667021999,0.465234477365367,1.84127270163346,-0.111614332635471,0.0743871619426081,1.37077461265238,-0.205287329193134,0.4742890687797,0.999331842028919,1.22589271751274,-0.0107589688230363,0.520775380629541,0.700823960096345,-0.778722570334847,0.313072580873995,1.29184350613783,1.15718178041804,0.601012871815016,0.115094041138741,-0.334474608826095,0.833994622181708,1.15484153713691,0.713274971825504,0.491504095070496,-0.193418162158182,-0.466421662383421,1.8375099310363,1.35418457519493,0.0705061061071294,1.26718237022583,-1.34488099019092,1.2183997544865,0.182723092921999,0.549873341738708,-0.259780805840643,1.2893305054247,1.71247686969673,0.936921937804149,-0.734048422389449,-0.414599366281565,-1.47988508685285,0.342760037609492,-0.93512297238193
0.587158958374679,0.65389910031174,1.27092823669137,-0.106047553983096,0.987391499445377,0.877053555671208,0.947902147375377,0.47625468493458,-0.375234873783714,0.133649627859853,0.728068352337865,0.591183279499625,-0.402012241666504,0.0269092985343395,0.348318599670433,0.254659264341813,0.318473395340541,0.565116587203086,0.502221973089885,0.161098252448308,0.868729138043016,-0.110291627710089,-0.75283250064362,1.33508474443143,0.635640660169132,0.164892934005388,0.725414393627209,0.307745492608461,-0.434369090471201,0.13209770295919,-0.209857908405572,0.692858972801683,0.220473718056832,-0.26800490748416,-0.0384404199021173,-0.989674103655087,0.804085134072548,0.942844416301938,0.899904432551859,0.492584868139887,0.130640031527412,-0.441846568425722,-0.74731045650803,1.08485483450911,0.0443068423837434,0.472334657061295,0.773534571002579,-0.445965456074323,-0.631811809245477,0.696304205972034,0.698002839134676,-0.162590945897926,0.381797534873513,-0.997566391666928,1.16610666591969,0.105608668456678,0.474425101635773,0.681377051620171,0.666295686200696,0.0145463609145757,0.71461455934372,0.783262376188802,0.344441866728603,0.622524742338525,-0.672223098761866,0.628514934035724,0.512159730866652,0.982486357687853,0.474191624338652,-0.403114963154892,0.455972757987738,-0.136158070083768,0.555142113300612,0.622296899519982,0.1353765107755,0.0503047186152033,-0.636433355281237,-0.298873576720237,0.182142625804665,0.216799231361598,-0.481254433243503,0.072537669560623,1.15700987125811,0.0668777470299728,-0.37928617031018,0.590182985000534,0.44636959440363,0.756983342869243,0.610861553352391,0.509293215256342,0.0354250348228974,0.434680011600477,0.27644818488489,0.0936082102113811,0.690009042443318,0.292391173908515,-0.0399051936181767,-0.104095467192083,1.19762036497719,1.57466438614188,1.32017203889768,0.740036116979301,1.13255527049635,-1.10920430476703,0.5882234809133,-0.246227657034821,0.387106613656816,0.331077488376057,-0.483634313035599,0.875343370047081,0.538774639507211,-0.0336539377102266,0.732483534653163,1.89628277471475,0.00380422266326819,0.125720444468705,0.241718760528119,0.489877656246394,-1.27605432536451,1.20242377748781,0.266883073506611,0.0293946227326559,-0.364736995737221,0.805640803240104,1.50020459060493,0.729950947273209,0.0778918267257617,0.16232987573478,0.70481964153538,0.335284569577826,0.439607895963335,0.924725773392531,0.0780434664177648,0.882381257473137,0.778605203544557,-0.311046862439947,0.00905718006272699,1.32120472496103,-0.148682377659229,0.459857413557076,0.131078719704004,0.117175146474689,-0.289550556347765,0.475133261321519,1.31638886644664,-0.505246010755276,1.72253192385565,0.0404749664317799,0.675728465198522,0.414614141488672,0.19990521337953,1.57162317459076,0.406012891521501,-0.0643439297713097,1.0882648532553,1.02738691624508,0.714008120359821,0.438164319293696,1.27701466841412,1.11393848034917,-0.473479128315266,0.419916440489289,1.10070843208674,-0.161386604781236,0.41586449736812,0.383296030422955,0.185093873904098,0.207262265893596
-0.568668778010924,0.161940539577406,-0.552192512949919,0.386723210237923,-0.356946359076651,0.806389387804208,0.3732186659154,-1.4860483810814,0.454315929114095,-0.482456538562726,-1.28356901220797,-0.811792911897496,1.21660871031087,1.00618095040435,-1.13171797046758,0.769361678842118,1.98497538161787,-0.247753342925335,-0.0430358257804416,1.49675041357028,0.55886004451868,0.160138538149625,1.36248257343222,0.859295982078055,-0.758607807812419,0.632299042593009,0.852264096527787,0.891110197717881,-0.886908717259629,1.45905137164321,1.68624511403397,-1.81227675301495,1.17030185388158,-0.634245149378134,0.480584699920563,-1.12130416476926,-0.396492484085876,-1.00278335976293,0.812584758966436,0.0826131099790651,-0.671396863706691,0.263182101929682,0.196984524838413,-1.02304607091371,-0.538692633828734,-0.0515289049884085,0.210745587015486,-0.686216712132193,-1.23293694116545,0.49454128311312,0.642061840229279,-0.890303867452185,-0.167034312951167,0.790031658037683,-1.34991991674115,0.730240678284276,0.225557127385638,0.642318677487884,0.314964169736494,0.173726076589451,0.808351451876159,-0.293466975245729,-0.691816523647498,1.11950116372821,1.01252760931265,-0.247307602819267,-0.889330799987282,1.3610713913211,0.862671794808278,-0.144455275658213,1.2728219281588,0.158510392917614,-0.655702883659626,-0.0512105128483988,-0.752091062965394,-0.10700137173677,1.12565786897835,0.0372273886989724,1.26162082812724,0.0644946310416219,0.626727048578329,-0.628869273471796,-0.529561220315346,0.0578736059840544,-0.734634816913505,0.963060180014759,-1.82673465765798,-0.820555573263239,1.0430290159566,-1.2726396718942,0.864721474927305,-0.921380866190614,-0.657251441655079,1.3651634878505,-0.812562828106612,0.448932679425602,-1.10353668081134,-0.124740533576368,0.26002604032725,0.528716812644059,0.840516777944814,-0.371718552037182,0.551723189443474,0.265382958791325,-0.263650416058709,1.82975236859038,0.413120020705588,0.29109922373825,1.22046733793897,-0.742197451704833,-1.14655411116393,0.103906725793066,1.22277483289972,-0.062827898240718,-0.438442856170564,-0.245107815006266,0.93961643831606,-0.49199349731544,-2.05776839247215,0.0157350215274556,0.0818054327943541,0.0148567329489582,-1.31898262420661,-0.850460966729418,0.220640934543945,0.17281844970413,0.246528560241966,0.224403866735599,0.912460278565096,0.244080081592287,1.05317092537817,-0.56929517545015,-0.215908355215886,0.099664251329315,-0.539371522047279,-0.505136178008286,-0.56675684375942,0.47815115315445,-0.180375889571805,0.203050839222785,1.31875161659562,-0.751144169497713,1.14998744580275,-0.0854081725884204,-0.739421293508274,-0.959758539536669,0.368693460130428,-0.885212302112411,-1.09882606457834,0.360824745097824,-0.367584930600797,-0.212849051604536,-0.291620371358358,0.946193498924126,-0.411256941235456,0.396399343371486,-1.2254597087634,0.736812780823,-0.00550528501325483,-0.40409022594288,-0.266744140932317,-1.37302206240185,-0.135484851242538,-1.1340556933041,-0.995211663623604,-0.213346620435141,0.0426750492411083,-0.755709363896437
1.06142219500283,0.154958201931387,0.626019133282638,-0.234256383196839,0.677745828199533,1.65742265262145,-0.212658409321127,1.27555864958036,1.05809995635293,-0.2141624840806,1.31449873765689,0.344436577698688,-0.190807751983885,-0.124245100917154,1.12378551370108,0.841974600236721,0.636724456483156,-0.342601258803899,-0.815159330547199,0.598332986625176,0.585384854538255,0.726942440012449,0.490747319271084,-0.111368098310358,0.294005839522522,0.22825655179904,0.376857924396623,1.021819571683,-0.115462611858006,0.385035739444863,0.182226996259502,0.405225354570291,-0.375153830926714,-0.415793997795852,0.14267802823052,0.379036615531956,0.605415113041177,0.12366775074898,-0.675238273770054,1.10473661345422,0.196595433106012,-0.546961555698494,1.10140675247096,0.672364419020598,0.325250812966844,-0.345214232664823,-0.472437115883949,0.230352380115726,0.906805662843204,0.501998686378103,-0.0767322291846992,0.0463396441375463,0.502179476506691,0.438961362058664,-0.332643156175417,0.264992242551751,-0.125525287087679,0.185107677053239,1.63557656140761,0.879206610984675,0.178078465607476,1.0618711468211,0.514902813893184,0.0285203274478301,0.0752063702841432,0.0758831886913567,0.247957440439315,1.37711547693867,0.296281673750841,0.482947548632809,-0.00240005478124528,0.792202170146253,-0.06476668485658,0.519889963544894,-1.36783978881021,0.616861188643702,0.767518413988792,0.154322270250417,0.380409414582121,-1.21907844615443,0.19822928078521,1.13422410943599,0.382397561087324,0.761156932034995,0.516089991182199,-0.449517623313322,0.168514921792641,0.135516010406706,1.71766620407169,0.441741061519032,0.217968485245727,0.529309893594005,-0.339303340518986,0.0223707452463936,0.828653310508972,0.0445899741208269,0.813466059243886,1.25424497185582,0.733629408309383,0.148373981969806,1.08443520361937,0.307020917786023,-0.195740666379014,-0.449255495206787,0.569812915463657,-0.672393756821638,0.745547934057251,-0.270396556961433,0.0713231341218617,-0.196523550367183,0.679406595297396,1.726443779411,-0.74851754257582,1.15685372343532,0.453459611072746,0.095014882648832,0.166361206168988,-0.508747910630703,0.827227742662695,-0.467698628037442,1.37714891209597,0.247830742684367,1.379630482649,-0.803551305998014,0.236869735610788,0.824973738532578,1.30528914422697,0.133831786128907,-0.370404822670137,-0.696725231682295,-0.771685489707009,-0.493186134614498,0.675878494712773,0.653074039848277,-0.712820217055785,0.962978686582761,0.111269896135701,-0.896879036283461,-0.488479870787172,0.856051551069082,0.0478972533455833,-0.19447477686881,0.00408346357262634,0.6179031239932,0.0114967857325961,-0.390449604958594,0.737838499426923,-0.0307656274099216,0.585314165739534,0.683294698024507,0.804802903965085,0.423185280217587,-0.132446366571118,1.30149043137277,1.04321689897012,0.0616554908205772,-0.460370355423947,0.742586129758417,-0.0895729814031465,0.799813732254718,0.661986389319665,0.0714087209715285,0.015625560949725,-0.589392156916899,0.602984846910621,1.02840516479711,0.0474063776415926,0.349714944388957
